-74.835
-74.835
-9999
-74.835
-74.835
-74.835
-74.835
-74.834
-74.834
-74.834
-74.834
-74.834
-74.834
-74.834
-74.833
-74.833
-74.833
-9999
-74.833
-74.833
-9999
-74.833
-74.833
-74.833
-74.833
-74.833
-74.833
-74.833
-74.833
-74.833
-74.833
-9999
-74.833
-74.833
-9999
-74.833
-74.833
-74.833
-74.833
-74.833
-74.833
-74.833
-74.833
-74.833
-74.833
-74.833
-74.833
-74.832
-74.832
-74.832
-74.832
-74.832
-74.832
-74.832
-74.832
-74.832
-74.832
-74.831
-74.831
-74.831
-74.831
-74.831
-74.831
-74.831
-74.831
-74.831
-74.831
-74.831
-74.831
-74.831
-74.831
-74.831
-74.83
-74.83
-74.83
-74.83
-74.829
-74.829
-74.829
-74.829
-74.828
-74.828
-74.828
-74.828
-74.828
-74.827
-74.827
-74.827
-74.827
-74.827
-74.827
-74.827
-74.827
-74.827
-74.827
-74.827
-74.827
-74.827
-74.827
-74.827
-74.827
-74.827
-74.827
-74.827
-74.827
-74.827
-74.827
-74.827
-74.826
-74.826
-74.826
-74.826
-74.826
-74.826
-74.826
-74.826
-74.826
-74.825
-74.825
-74.825
-74.825
-74.825
-74.825
-74.825
-74.824
-74.824
-74.824
-74.824
-74.824
-74.824
-74.824
-74.824
-74.824
-74.824
-74.824
-74.824
-74.824
-74.824
-74.824
-74.824
-74.824
-74.825
-74.825
-74.825
-74.825
-74.825
-74.825
-74.826
-74.826
-74.826
-74.827
-74.827
-74.827
-74.827
-74.828
-9999
-74.828
-74.828
-9999
-74.828
-74.828
-74.828
-74.828
-74.829
-74.829
-74.829
-74.829
-74.83
-74.83
-74.83
-74.831
-74.831
-74.831
-74.831
-74.832
-74.832
-74.831
-74.831
-74.831
-74.831
-74.831
-74.831
-9999
-74.831
-74.831
-9999
-74.831
-74.831
-74.831
-74.831
-74.831
-74.83
-74.83
-74.83
-74.83
-74.83
-74.829
-74.829
-74.829
-74.829
-74.829
-74.829
-74.828
-74.828
-74.828
-74.828
-74.828
-74.828
-74.828
-74.828
-74.828
-74.828
-74.828
-74.828
-74.829
-74.829
-74.829
-74.83
-74.83
-74.83
-74.83
-74.83
-74.83
-74.83
-74.83
-74.83
-74.83
-74.83
-74.829
-74.829
-74.829
-74.829
-74.829
-74.829
-74.829
-74.829
-74.829
-74.829
-74.829
-74.829
-74.829
-74.829
-74.829
-74.829
-74.829
-74.829
-74.829
-74.829
-74.829
-74.829
-74.829
-74.829
-74.829
-74.829
-74.829
-74.829
-74.829
-74.829
-74.829
-74.829
-74.829
-74.828
-74.828
-74.828
-74.828
-74.828
-74.828
-74.828
-74.828
-74.827
-74.827
-74.827
-74.827
-74.827
-74.827
-74.826
-74.826
-74.826
-74.826
-74.826
-74.826
-74.826
-74.826
-74.825
-74.825
-74.825
-74.825
-74.825
-74.825
-74.825
-74.824
-74.824
-74.824
-74.824
-74.824
-74.824
-74.824
-74.824
-74.824
-74.823
-74.823
-74.823
-74.823
-74.823
-74.823
-74.823
-74.822
-74.822
-74.822
-74.822
-74.822
-74.821
-74.821
-74.821
-74.821
-74.82
-9999
-74.82
-74.82
-9999
-74.82
-74.82
-74.82
-74.82
-74.82
-74.82
-74.82
-74.82
-74.82
-74.82
-74.82
-74.82
-74.82
-74.82
-74.82
-74.82
-74.82
-74.82
-74.82
-74.82
-74.82
-74.82
-74.82
-74.819
-74.819
-74.819
-9999
-74.819
-74.819
-9999
-74.819
-74.819
-74.819
-74.819
-74.818
-74.818
-74.818
-74.818
-74.818
-74.817
-74.817
-74.817
-74.817
-74.817
-74.817
-74.817
-74.817
-74.816
-74.816
-74.816
-74.816
-74.816
-74.816
-74.816
-74.816
-74.816
-74.816
-74.815
-74.815
-74.815
-74.815
-74.815
-74.814
-74.814
-74.814
-74.813
-74.813
-74.813
-74.813
-74.813
-74.813
-74.813
-74.813
-74.813
-74.813
-74.813
-74.813
-74.813
-74.813
-74.814
-74.814
-74.814
-74.814
-74.814
-74.814
-74.814
-74.814
-74.814
-74.814
-74.814
-74.814
-74.814
-74.814
-74.814
-74.814
-74.814
-74.814
-74.814
-74.814
-74.814
-74.814
-74.814
-74.814
-74.814
-74.814
-74.814
-74.814
-74.814
-74.813
-74.813
-74.813
-74.813
-74.813
-74.813
-74.813
-74.812
-74.812
-74.812
-74.812
-74.812
-74.812
-74.812
-74.811
-74.811
-74.811
-74.811
-74.811
-74.81
-74.81
-74.81
-74.81
-74.81
-74.81
-74.809
-74.809
-74.809
-74.809
-74.809
-74.808
-74.808
-74.808
-74.808
-74.808
-74.807
-74.807
-74.807
-74.807
-74.806
-74.806
-74.806
-74.806
-74.806
-74.806
-74.806
-74.806
-74.806
-74.806
-74.806
-74.806
-74.806
-74.806
-74.806
-74.805
-74.805
-74.805
-74.805
-74.805
-74.805
-74.805
-74.805
-74.805
-74.804
-74.804
-74.804
-74.804
-74.804
-74.803
-74.803
-74.803
-74.803
-74.802
-74.802
-74.802
-74.802
-74.802
-74.801
-74.801
-74.801
-74.801
-74.801
-74.801
-74.8
-74.8
-74.8
-74.8
-74.8
-74.8
-74.8
-74.799
-74.799
-74.799
-74.799
-74.799
-74.798
-74.798
-74.798
-74.798
-74.798
-74.798
-74.798
-74.797
-74.797
-74.797
-74.797
-74.797
-74.796
-74.796
-74.796
-74.796
-74.796
-74.796
-74.796
-74.796
-74.796
-74.796
-74.796
-74.796
-74.796
-74.795
-74.795
-74.795
-74.795
-74.795
-74.795
-74.795
-74.795
-74.795
-74.795
-74.794
-74.794
-74.794
-74.794
-74.794
-74.794
-74.794
-74.793
-74.793
-74.793
-74.793
-74.793
-74.793
-74.793
-74.793
-74.792
-74.792
-74.792
-74.792
-74.792
-74.792
-74.792
-74.792
-74.792
-74.792
-74.792
-74.792
-74.792
-74.791
-74.791
-74.791
-74.791
-74.791
-74.791
-74.791
-74.791
-74.791
-74.791
-74.791
-74.79
-74.79
-74.79
-74.79
-74.79
-74.79
-74.789
-74.789
-74.789
-74.789
-74.789
-74.789
-74.789
-74.789
-74.789
-74.789
-74.789
-74.789
-74.789
-74.789
-74.789
-74.789
-74.789
-74.789
-74.789
-74.788
-74.788
-74.788
-74.788
-74.787
-74.787
-74.787
-74.787
-74.787
-74.787
-74.787
-74.787
-74.786
-74.786
-74.786
-74.786
-74.786
-74.786
-74.786
-74.786
-74.785
-74.785
-74.785
-74.785
-74.785
-74.785
-74.785
-74.785
-74.784
-74.784
-74.784
-74.783
-74.783
-74.783
-74.783
-74.782
-74.782
-74.782
-74.781
-74.781
-74.781
-74.781
-74.78
-74.78
-74.779
-74.779
-74.779
-74.779
-74.779
-74.779
-74.779
-74.778
-74.778
-74.778
-74.778
-74.778
-74.778
-74.778
-74.778
-74.777
-74.777
-74.777
-74.777
-74.777
-74.777
-74.777
-74.777
-74.777
-74.777
-74.777
-74.776
-74.776
-74.776
-74.776
-74.776
-74.776
-74.776
-74.776
-74.776
-74.775
-74.775
-74.775
-74.775
-74.775
-74.775
-74.775
-74.775
-74.775
-74.775
-74.775
-74.774
-74.774
-74.774
-74.774
-74.774
-74.774
-74.774
-74.774
-74.774
-74.774
-74.774
-74.773
-74.773
-74.773
-74.773
-74.773
-74.773
-74.773
-74.772
-74.772
-74.772
-74.772
-74.772
-74.772
-74.771
-74.771
-74.771
-74.771
-74.771
-74.771
-74.771
-74.771
-74.771
-74.771
-74.77
-74.77
-74.77
-74.77
-74.77
-74.77
-74.77
-74.77
-74.77
-74.77
-74.77
-74.77
-74.77
-74.77
-74.77
-74.77
-74.77
-74.77
-74.77
-74.77
-74.77
-74.77
-74.77
-74.77
-74.77
-74.77
-74.77
-74.77
-74.77
-74.77
-74.769
-74.769
-74.769
-74.769
-74.769
-74.769
-74.768
-74.768
-74.768
-74.768
-74.768
-74.768
-74.768
-74.768
-74.768
-74.768
-74.768
-74.768
-74.768
-74.768
-74.767
-74.767
-74.767
-74.767
-74.767
-74.767
-74.767
-74.767
-74.767
-74.767
-74.767
-74.767
-74.767
-74.767
-74.766
-74.766
-74.766
-74.765
-74.765
-74.765
-74.765
-74.764
-74.764
-74.764
-74.764
-74.764
-74.764
-74.764
-74.763
-74.763
-74.763
-74.763
-74.763
-74.762
-74.762
-74.762
-74.762
-74.761
-74.761
-74.761
-74.761
-74.761
-74.761
-74.76
-74.76
-74.76
-74.76
-74.76
-74.76
-74.76
-74.759
-74.759
-74.759
-74.759
-74.759
-74.758
-74.758
-74.758
-74.758
-74.757
-74.757
-74.757
-74.756
-74.756
-74.756
-74.756
-74.756
-74.755
-74.755
-74.755
-74.755
-74.755
-74.755
-74.754
-74.754
-74.754
-74.754
-74.754
-74.754
-74.753
-74.753
-74.753
-74.753
-74.752
-74.752
-74.752
-74.752
-74.752
-74.752
-74.752
-74.751
-74.751
-74.751
-74.751
-74.751
-74.751
-74.751
-74.751
-74.751
-74.75
-74.75
-74.75
-74.75
-74.75
-74.75
-74.75
-74.75
-74.75
-74.749
-74.749
-74.749
-74.749
-74.749
-74.749
-74.749
-74.749
-74.749
-74.748
-74.748
-74.748
-74.748
-74.747
-74.747
-74.747
-74.747
-74.747
-74.746
-74.746
-74.746
-74.746
-74.746
-74.745
-74.745
-74.744
-74.744
-74.744
-74.744
-74.744
-74.744
-74.744
-74.743
-74.743
-74.743
-74.743
-74.743
-74.743
-74.743
-74.743
-74.743
-74.743
-74.742
-74.742
-74.742
-74.742
-74.742
-74.742
-74.742
-74.742
-74.742
-74.741
-74.741
-74.741
-74.741
-74.741
-74.741
-74.741
-74.74
-74.74
-74.74
-74.74
-74.74
-74.741
-74.741
-74.741
-74.741
-74.741
-74.741
-74.741
-74.741
-74.741
-74.741
-74.741
-74.741
-74.741
-74.741
-74.741
-74.741
-74.741
-74.741
-74.741
-74.741
-74.741
-74.741
-74.74
-74.74
-74.74
-74.74
-74.74
-74.74
-74.739
-74.739
-74.739
-74.739
-74.739
-74.739
-74.739
-74.738
-74.738
-74.738
-74.738
-74.738
-74.737
-74.737
-74.737
-74.737
-74.737
-74.737
-74.737
-74.737
-74.737
-74.737
-74.736
-74.736
-74.736
-74.735
-74.735
-74.735
-74.735
-74.734
-74.734
-74.734
-74.734
-74.734
-74.734
-74.733
-74.733
-74.733
-74.732
-74.732
-74.732
-74.732
-74.732
-74.731
-74.731
-74.731
-74.731
-74.731
-74.731
-74.731
-74.731
-74.73
-74.73
-74.73
-74.73
-74.73
-74.73
-74.73
-74.73
-74.729
-74.729
-74.729
-74.729
-74.729
-74.729
-74.729
-74.728
-74.728
-74.728
-74.728
-74.728
-74.728
-74.727
-74.727
-74.727
-74.727
-74.726
-74.726
-74.726
-74.726
-74.725
-74.725
-74.725
-74.725
-74.725
-74.724
-74.724
-74.724
-74.724
-74.723
-74.723
-74.723
-74.723
-74.723
-74.722
-74.722
-74.722
-74.722
-74.722
-74.722
-74.721
-74.721
-74.721
-74.721
-74.72
-74.72
-74.719
-74.719
-74.719
-74.719
-74.718
-74.718
-74.718
-74.718
-74.718
-74.717
-74.717
-74.717
-74.717
-74.717
-74.716
-74.716
-74.716
-74.716
-74.715
-74.715
-74.715
-74.715
-74.715
-74.715
-74.715
-74.715
-74.715
-74.715
-74.715
-74.716
-74.716
-74.716
-74.716
-74.715
-74.715
-74.715
-74.715
-74.715
-74.715
-74.715
-74.715
-74.715
-74.715
-74.714
-74.714
-74.714
-74.714
-74.714
-74.713
-74.713
-74.713
-74.713
-74.712
-74.712
-74.712
-74.712
-74.712
-74.712
-74.712
-74.711
-74.711
-74.711
-74.711
-74.711
-74.711
-74.711
-74.711
-74.71
-74.71
-74.71
-74.71
-74.71
-74.71
-74.71
-74.709
-74.709
-74.709
-74.709
-74.708
-74.708
-74.708
-74.708
-74.708
-74.708
-74.707
-74.707
-74.707
-74.707
-74.706
-74.706
-74.706
-74.706
-74.706
-74.705
-74.705
-74.705
-74.705
-74.705
-74.705
-74.705
-74.705
-74.705
-74.705
-74.705
-74.705
-74.705
-74.705
-74.705
-74.705
-74.705
-74.705
-74.705
-74.705
-74.704
-74.704
-74.704
-74.704
-74.704
-74.703
-74.703
-74.703
-74.703
-74.703
-74.702
-74.702
-74.702
-74.702
-74.702
-74.702
-74.701
-74.701
-74.701
-74.701
-74.701
-74.701
-74.701
-74.701
-74.7
-74.7
-74.7
-74.7
-74.7
-74.7
-74.7
-74.7
-74.7
-74.7
-74.7
-74.7
-74.7
-74.7
-74.7
-74.699
-74.699
-74.699
-74.698
-74.698
-74.698
-74.698
-74.698
-74.698
-74.698
-74.698
-74.698
-74.698
-74.698
-74.697
-74.697
-74.697
-74.697
-74.697
-74.697
-74.697
-74.697
-74.697
-74.697
-74.697
-74.697
-74.697
-74.697
-74.697
-74.697
-74.696
-74.696
-74.696
-74.696
-74.696
-74.696
-74.695
-74.695
-74.695
-74.695
-74.695
-74.695
-74.695
-74.695
-74.694
-74.694
-74.694
-74.694
-74.694
-74.694
-74.694
-74.694
-74.694
-74.694
-74.694
-74.694
-74.695
-74.695
-74.695
-74.694
-74.694
-74.694
-74.694
-74.694
-74.694
-74.694
-74.694
-74.694
-74.694
-74.693
-74.693
-74.694
-74.694
-74.694
-74.694
-74.694
-74.694
-74.694
-74.694
-74.694
-74.694
-74.693
-74.693
-74.693
-74.693
-74.693
-74.693
-74.693
-74.692
-74.692
-74.692
-74.692
-74.692
-74.692
-74.692
-74.692
-74.692
-74.691
-74.691
-74.691
-74.691
-74.691
-74.691
-74.691
-74.691
-74.691
-74.691
-74.691
-74.691
-74.692
-74.692
-74.692
-74.693
-74.693
-74.694
-74.694
-74.694
-74.695
-74.695
-74.695
-74.695
-74.695
-74.695
-74.695
-74.695
-74.695
-74.695
-74.695
-74.695
-74.695
-74.695
-74.695
-74.695
-74.695
-74.695
-74.695
-74.694
-74.694
-74.694
-74.694
-74.694
-74.694
-74.694
-74.694
-9999
-74.995
