40.724
40.724
-9999
40.724
40.724
40.724
40.724
40.724
40.724
40.724
40.725
40.725
40.725
40.725
40.725
40.725
40.725
-9999
40.725
40.725
-9999
40.725
40.725
40.726
40.726
40.726
40.726
40.727
40.727
40.727
40.727
-9999
40.727
40.727
-9999
40.727
40.727
40.728
40.728
40.728
40.728
40.729
40.729
40.729
40.729
40.73
40.73
40.73
40.73
40.731
40.731
40.731
40.731
40.731
40.731
40.731
40.731
40.732
40.732
40.732
40.732
40.732
40.732
40.733
40.733
40.733
40.733
40.733
40.733
40.733
40.734
40.734
40.734
40.734
40.734
40.734
40.734
40.734
40.734
40.734
40.734
40.734
40.734
40.735
40.735
40.735
40.735
40.736
40.736
40.736
40.736
40.736
40.736
40.736
40.737
40.737
40.737
40.737
40.737
40.737
40.738
40.738
40.738
40.738
40.739
40.739
40.739
40.739
40.739
40.739
40.74
40.74
40.74
40.74
40.74
40.74
40.74
40.741
40.741
40.741
40.741
40.741
40.741
40.742
40.742
40.742
40.742
40.742
40.742
40.742
40.742
40.742
40.742
40.743
40.743
40.743
40.743
40.743
40.743
40.743
40.743
40.744
40.744
40.744
40.744
40.744
40.744
40.744
40.744
40.744
40.744
40.744
40.744
40.744
40.744
-9999
40.744
40.744
-9999
40.744
40.744
40.744
40.744
40.744
40.744
40.744
40.744
40.744
40.744
40.744
40.744
40.744
40.744
40.744
40.744
40.744
40.744
40.744
40.745
40.745
40.745
40.745
-9999
40.745
40.745
-9999
40.745
40.745
40.745
40.745
40.745
40.746
40.746
40.746
40.746
40.746
40.746
40.746
40.746
40.746
40.747
40.747
40.747
40.747
40.747
40.747
40.748
40.748
40.748
40.748
40.748
40.748
40.748
40.749
40.749
40.749
40.749
40.749
40.749
40.749
40.749
40.75
40.75
40.75
40.75
40.75
40.75
40.75
40.751
40.751
40.751
40.752
40.752
40.752
40.752
40.752
40.753
40.753
40.753
40.753
40.753
40.753
40.753
40.754
40.754
40.754
40.754
40.754
40.754
40.754
40.755
40.755
40.755
40.755
40.755
40.755
40.755
40.755
40.755
40.756
40.756
40.756
40.756
40.756
40.756
40.756
40.756
40.756
40.756
40.757
40.757
40.757
40.757
40.757
40.757
40.757
40.758
40.758
40.758
40.758
40.758
40.758
40.759
40.759
40.759
40.759
40.759
40.759
40.76
40.76
40.76
40.76
40.76
40.76
40.76
40.76
40.76
40.76
40.76
40.76
40.76
40.76
40.76
40.76
40.76
40.761
40.761
40.761
40.761
40.761
40.761
40.761
40.761
40.761
40.761
40.761
-9999
40.761
40.761
-9999
40.761
40.761
40.762
40.762
40.762
40.762
40.762
40.762
40.762
40.762
40.762
40.762
40.763
40.763
40.763
40.763
40.763
40.763
40.763
40.763
40.763
40.763
40.763
40.763
40.763
40.763
-9999
40.763
40.763
-9999
40.763
40.763
40.763
40.763
40.763
40.764
40.764
40.764
40.764
40.764
40.764
40.764
40.763
40.763
40.763
40.763
40.763
40.763
40.763
40.763
40.763
40.763
40.763
40.763
40.763
40.763
40.763
40.763
40.763
40.763
40.763
40.763
40.763
40.764
40.764
40.764
40.764
40.764
40.764
40.765
40.765
40.765
40.765
40.765
40.765
40.765
40.765
40.765
40.765
40.765
40.766
40.766
40.766
40.766
40.766
40.766
40.766
40.766
40.766
40.766
40.766
40.766
40.767
40.767
40.767
40.767
40.767
40.767
40.768
40.768
40.768
40.768
40.768
40.768
40.769
40.769
40.769
40.769
40.769
40.769
40.769
40.77
40.77
40.77
40.77
40.77
40.77
40.77
40.77
40.77
40.77
40.77
40.77
40.77
40.77
40.77
40.77
40.77
40.77
40.77
40.77
40.77
40.77
40.77
40.77
40.77
40.77
40.77
40.77
40.77
40.77
40.77
40.77
40.771
40.771
40.771
40.771
40.771
40.771
40.771
40.771
40.771
40.771
40.772
40.772
40.772
40.772
40.772
40.772
40.772
40.772
40.772
40.773
40.773
40.773
40.773
40.773
40.773
40.773
40.773
40.773
40.773
40.773
40.773
40.773
40.773
40.773
40.773
40.773
40.773
40.773
40.773
40.773
40.773
40.773
40.774
40.774
40.774
40.774
40.774
40.774
40.774
40.774
40.774
40.774
40.774
40.774
40.774
40.774
40.774
40.774
40.774
40.774
40.774
40.774
40.774
40.774
40.774
40.774
40.774
40.774
40.774
40.774
40.774
40.774
40.774
40.774
40.775
40.775
40.775
40.775
40.775
40.775
40.775
40.775
40.775
40.776
40.776
40.776
40.776
40.776
40.776
40.776
40.776
40.776
40.776
40.776
40.776
40.777
40.777
40.777
40.777
40.777
40.777
40.777
40.777
40.777
40.777
40.777
40.777
40.778
40.778
40.778
40.778
40.778
40.778
40.778
40.778
40.778
40.779
40.779
40.779
40.779
40.779
40.779
40.779
40.779
40.779
40.78
40.78
40.78
40.78
40.78
40.78
40.78
40.78
40.78
40.78
40.78
40.78
40.78
40.78
40.78
40.78
40.78
40.781
40.781
40.781
40.781
40.781
40.781
40.781
40.781
40.781
40.782
40.782
40.782
40.782
40.782
40.782
40.782
40.782
40.782
40.782
40.783
40.783
40.783
40.783
40.783
40.783
40.783
40.784
40.784
40.784
40.784
40.784
40.784
40.784
40.784
40.784
40.784
40.784
40.784
40.784
40.784
40.784
40.784
40.784
40.784
40.784
40.784
40.784
40.784
40.785
40.785
40.785
40.785
40.785
40.785
40.785
40.785
40.785
40.785
40.785
40.785
40.785
40.785
40.785
40.785
40.785
40.785
40.785
40.785
40.785
40.785
40.785
40.785
40.785
40.785
40.785
40.785
40.785
40.785
40.785
40.785
40.785
40.785
40.785
40.785
40.785
40.785
40.785
40.786
40.786
40.786
40.786
40.786
40.786
40.786
40.786
40.786
40.786
40.786
40.786
40.786
40.786
40.786
40.786
40.786
40.786
40.786
40.786
40.786
40.787
40.787
40.787
40.787
40.787
40.787
40.787
40.787
40.787
40.787
40.787
40.787
40.787
40.787
40.788
40.788
40.788
40.788
40.788
40.788
40.788
40.789
40.789
40.789
40.789
40.789
40.789
40.789
40.789
40.789
40.789
40.789
40.789
40.789
40.789
40.79
40.79
40.79
40.79
40.79
40.79
40.79
40.79
40.79
40.79
40.79
40.791
40.791
40.791
40.791
40.791
40.791
40.791
40.791
40.791
40.791
40.791
40.791
40.791
40.791
40.791
40.792
40.792
40.792
40.792
40.792
40.792
40.792
40.792
40.792
40.792
40.792
40.792
40.792
40.792
40.792
40.792
40.792
40.793
40.793
40.793
40.793
40.793
40.793
40.793
40.794
40.794
40.794
40.794
40.794
40.794
40.794
40.794
40.795
40.795
40.795
40.795
40.795
40.795
40.795
40.795
40.795
40.795
40.795
40.795
40.795
40.795
40.795
40.795
40.795
40.795
40.795
40.795
40.795
40.795
40.795
40.795
40.795
40.795
40.795
40.795
40.795
40.795
40.795
40.795
40.795
40.795
40.795
40.795
40.795
40.795
40.795
40.795
40.795
40.795
40.795
40.795
40.795
40.795
40.795
40.795
40.794
40.794
40.794
40.794
40.794
40.794
40.794
40.794
40.794
40.794
40.794
40.794
40.794
40.794
40.794
40.794
40.794
40.794
40.794
40.794
40.794
40.794
40.794
40.794
40.794
40.794
40.794
40.794
40.794
40.794
40.794
40.794
40.794
40.794
40.794
40.794
40.794
40.794
40.794
40.794
40.794
40.794
40.795
40.795
40.795
40.795
40.795
40.795
40.795
40.795
40.796
40.796
40.796
40.796
40.796
40.796
40.796
40.796
40.796
40.796
40.796
40.796
40.796
40.796
40.797
40.797
40.797
40.797
40.797
40.797
40.797
40.797
40.797
40.797
40.797
40.798
40.798
40.798
40.798
40.799
40.799
40.799
40.799
40.799
40.799
40.8
40.8
40.8
40.8
40.8
40.8
40.8
40.8
40.801
40.801
40.801
40.801
40.801
40.801
40.801
40.801
40.801
40.801
40.8
40.8
40.8
40.8
40.801
40.801
40.802
40.802
40.802
40.802
40.802
40.802
40.803
40.803
40.803
40.803
40.803
40.803
40.803
40.804
40.805
40.805
40.805
40.805
40.805
40.805
40.806
40.806
40.806
40.806
40.806
40.806
40.806
40.806
40.806
40.806
40.807
40.807
40.807
40.807
40.807
40.807
40.807
40.807
40.808
40.808
40.808
40.808
40.809
40.809
40.809
40.809
40.81
40.81
40.81
40.81
40.81
40.81
40.81
40.81
40.81
40.81
40.81
40.811
40.811
40.811
40.811
40.811
40.811
40.811
40.812
40.812
40.812
40.812
40.812
40.812
40.811
40.811
40.812
40.812
40.812
40.812
40.812
40.812
40.812
40.812
40.811
40.811
40.811
40.811
40.812
40.812
40.812
40.812
40.812
40.812
40.812
40.812
40.812
40.812
40.812
40.812
40.812
40.812
40.812
40.812
40.812
40.812
40.812
40.812
40.812
40.812
40.812
40.812
40.812
40.812
40.812
40.812
40.812
40.812
40.812
40.813
40.813
40.813
40.813
40.813
40.813
40.813
40.813
40.813
40.814
40.814
40.814
40.813
40.813
40.813
40.813
40.813
40.813
40.813
40.813
40.813
40.813
40.813
40.813
40.813
40.813
40.813
40.813
40.813
40.813
40.813
40.814
40.814
40.814
40.814
40.814
40.814
40.814
40.814
40.814
40.814
40.814
40.814
40.814
40.814
40.814
40.814
40.814
40.815
40.815
40.815
40.815
40.815
40.815
40.815
40.815
40.815
40.816
40.816
40.816
40.816
40.816
40.816
40.816
40.816
40.816
40.816
40.816
40.816
40.815
40.816
40.816
40.816
40.816
40.816
40.815
40.815
40.815
40.815
40.815
40.815
40.815
40.815
40.815
40.815
40.815
40.815
40.815
40.815
40.815
40.815
40.816
40.816
40.815
40.816
40.816
40.816
40.816
40.816
40.816
40.816
40.816
40.816
40.816
40.816
40.816
40.817
40.817
40.817
40.817
40.817
40.817
40.817
40.817
40.817
40.817
40.817
40.817
40.817
40.817
40.817
40.817
40.817
40.817
40.817
40.817
40.817
40.817
40.817
40.817
40.817
40.817
40.817
40.817
40.817
40.817
40.817
40.817
40.817
40.817
40.817
40.818
40.818
40.818
40.818
40.819
40.819
40.819
40.819
40.819
40.819
40.82
40.82
40.82
40.82
40.82
40.82
40.82
40.82
40.82
40.82
40.82
40.82
40.82
40.821
40.821
40.821
40.821
40.821
40.821
40.822
40.822
40.822
40.822
40.822
40.822
40.822
40.822
40.822
40.822
40.823
40.823
40.823
40.823
40.823
40.823
40.823
40.823
40.823
40.824
40.824
40.824
40.824
40.824
40.824
40.825
40.825
40.825
40.825
40.825
40.825
40.825
40.825
40.825
40.826
40.826
40.826
40.826
40.826
40.826
40.826
40.826
40.827
40.827
40.827
40.827
40.827
40.827
40.828
40.828
40.828
40.828
40.828
40.829
40.829
40.829
40.829
40.829
40.83
40.83
40.83
40.83
40.83
40.83
40.831
40.831
40.831
40.831
40.832
40.832
40.832
40.832
40.832
40.832
40.832
40.832
40.832
40.833
40.833
40.833
40.833
40.833
40.833
40.834
40.834
40.834
40.834
40.834
40.835
40.835
40.835
40.835
40.835
40.836
40.836
40.836
40.836
40.837
40.837
40.837
40.837
40.837
40.838
40.838
40.838
40.838
40.839
40.839
40.839
40.839
40.839
40.839
40.839
40.839
40.84
40.84
40.84
40.84
40.84
40.84
40.84
40.84
40.841
40.841
40.841
40.841
40.841
40.841
40.841
40.842
40.842
40.842
40.842
40.842
40.842
40.843
40.844
40.844
40.844
40.845
40.845
40.845
40.845
40.846
40.846
40.846
40.846
40.846
40.847
-9999
40.639
