-122.295495	47.504235
-122.295564	47.504161
-122.295725	47.504040
-122.295888	47.504006
-122.296064	47.504020
-122.296238	47.503954
-122.296351	47.503834
-122.296369	47.503643
-122.296394	47.503623
-122.296587	47.503466
-122.296714	47.502980
-122.296914	47.502613
-122.297044	47.502246
-122.297020	47.501810
-122.296593	47.501188
-122.296125	47.500790
-122.295781	47.500632
-122.295333	47.500503
-122.294862	47.500422
-122.294299	47.500389
-122.293136	47.500449
-122.292787	47.500519
-122.292576	47.500521
-122.291755	47.500675
-122.291527	47.500672
-122.290688	47.500825
-122.290530	47.500809
-122.290222	47.500807
-122.289899	47.500853
-122.289249	47.500862
-122.288819	47.500879
-122.288572	47.500840
-122.288334	47.500784
-122.288038	47.500877
-122.287396	47.500832
-122.286902	47.500767
-122.286190	47.500752
-122.285619	47.500724
-122.285471	47.500761
-122.285249	47.500699
-122.284873	47.500727
-122.284361	47.500644
-122.283593	47.500513
-122.283373	47.500490
-122.283013	47.500477
-122.282299	47.500385
-122.281104	47.500341
-122.280934	47.500230
-122.280752	47.500018
-122.280678	47.499573
-122.280658	47.498835
-122.280664	47.498818
-122.280756	47.498572
-122.280825	47.498214
-122.280947	47.497564
-122.280929	47.497207
-122.281021	47.497045
-122.280929	47.496892
-122.280899	47.496458
-122.280908	47.496458
-122.280806	47.495626
-122.280648	47.495324
-122.280603	47.494635
-122.280415	47.493490
-122.280374	47.493335
-122.280413	47.493162
-122.280365	47.493043
-122.280277	47.492378
-122.280318	47.492270
-122.280294	47.491408
-122.280224	47.491099
-122.280254	47.490926
-122.280150	47.490672
-122.280160	47.490671
-122.279885	47.490276
-122.279566	47.490185
-122.279067	47.490227
-122.278034	47.490645
-122.277260	47.490929
-122.276773	47.491084
-122.276310	47.491155
-122.275865	47.491262
-122.275361	47.491385
-122.274619	47.491617
-122.274157	47.491724
-122.273833	47.491758
-122.273377	47.491775
-122.272714	47.491611
-122.272004	47.491329
-122.271308	47.490939
-122.270851	47.490593
-122.270813	47.490483
-122.270806	47.490463
-122.270782	47.490395
-122.270689	47.490125
-122.270681	47.489834
-122.270675	47.489614
-122.270578	47.489288
-122.270467	47.489069
-122.270217	47.488941
-122.269979	47.488903
-122.269541	47.488914
-122.269271	47.489025
-122.268673	47.489306
-122.268307	47.489394
-122.267826	47.489447
-122.267413	47.489447
-122.267404	47.489446
-122.266885	47.489388
-122.266469	47.489262
-122.265891	47.489008
-122.265579	47.488815
-122.265279	47.488438
-122.265286	47.488429
-122.264323	47.487213
-122.264334	47.486986
-122.264549	47.486787
-122.264735	47.486541
-122.265020	47.486377
-122.265471	47.486169
-122.266097	47.485847
-122.266881	47.485413
-122.267472	47.484888
-122.267933	47.484406
-122.268267	47.483783
-122.268208	47.483470
-122.267900	47.482889
-122.267651	47.482773
-122.267153	47.482548
-122.266777	47.482576
-122.266476	47.482800
-122.266371	47.482837
-122.265934	47.483212
-122.265771	47.483339
-122.265459	47.483497
-122.265296	47.483636
-122.264689	47.483900
-122.264497	47.483967
-122.264273	47.484101
-122.263979	47.484254
-122.263713	47.484483
-122.263428	47.484671
-122.263192	47.484716
-122.261493	47.484832
-122.259545	47.484028
-122.259526	47.484016
-122.259048	47.483721
-122.258990	47.483513
-122.259108	47.483321
-122.259453	47.483127
-122.259756	47.482950
-122.260182	47.482790
-122.260676	47.482587
-122.260980	47.482459
-122.261175	47.482218
-122.261201	47.481879
-122.261038	47.481690
-122.260627	47.481422
-122.259994	47.481376
-122.259203	47.481339
-122.259089	47.481370
-122.258920	47.481283
-122.258375	47.481236
-122.257788	47.481303
-122.257426	47.481212
-122.256725	47.480935
-122.256439	47.480743
-122.256249	47.480525
-122.256039	47.480236
-122.255839	47.479971
-122.255439	47.479482
-122.255360	47.479149
-122.255602	47.479010
-122.255969	47.478975
-122.256679	47.478931
-122.256874	47.478988
-122.257392	47.478993
-122.258021	47.478890
-122.258300	47.478809
-122.258535	47.478712
-122.258895	47.478421
-122.259010	47.478134
-122.258922	47.477802
-122.258767	47.477589
-122.258500	47.477462
-122.257962	47.477361
-122.257319	47.477280
-122.256159	47.477217
-122.256158	47.477216
-122.254494	47.477000
-122.254070	47.476893
-122.253546	47.476685
-122.253171	47.476446
-122.252711	47.476163
-122.252707	47.476159
-122.252112	47.475608
-122.251339	47.474915
-122.250969	47.474539
-122.251403	47.474058
-122.251566	47.473942
-122.251623	47.473896
-122.251678	47.473910
-122.251707	47.473917
-122.251726	47.473923
-122.251730	47.473924
-122.251733	47.473926
-122.251771	47.473934
-122.252050	47.474008
-122.251831	47.474284
-122.251630	47.474632
-122.251669	47.474804
-122.252348	47.475230
-122.253039	47.475799
-122.253719	47.476272
-122.254210	47.476563
-122.254766	47.476693
-122.255533	47.476821
-122.256106	47.476903
-122.257054	47.476909
-122.257731	47.476942
-122.258252	47.477054
-122.258676	47.477180
-122.259122	47.477430
-122.259354	47.477868
-122.259439	47.478116
-122.259299	47.478451
-122.259105	47.478722
-122.258828	47.478926
-122.258822	47.478930
-122.258508	47.479056
-122.258214	47.479203
-122.257259	47.479262
-122.256838	47.479280
-122.256391	47.479321
-122.256052	47.479432
-122.255996	47.479635
-122.256325	47.479839
-122.256326	47.479828
-122.256544	47.480081
-122.257106	47.480413
-122.257458	47.480783
-122.257858	47.480951
-122.258227	47.480970
-122.258830	47.480867
-122.259752	47.480891
-122.260661	47.481064
-122.260980	47.481185
-122.260981	47.481186
-122.261284	47.481372
-122.261536	47.481589
-122.261747	47.481949
-122.261746	47.482223
-122.261534	47.482505
-122.260851	47.482889
-122.260357	47.483097
-122.259987	47.483388
-122.259641	47.483570
-122.259655	47.483749
-122.259973	47.483834
-122.260150	47.483885
-122.260762	47.484116
-122.261339	47.484340
-122.261756	47.484502
-122.262396	47.484464
-122.262910	47.484350
-122.263422	47.484124
-122.263396	47.484118
-122.264121	47.483675
-122.264614	47.483430
-122.265265	47.483137
-122.265720	47.482774
-122.266366	47.482319
-122.266688	47.482238
-122.267100	47.482209
-122.267640	47.482387
-122.268390	47.482835
-122.268731	47.483117
-122.268706	47.483480
-122.268705	47.483485
-122.268636	47.483784
-122.268527	47.484303
-122.268270	47.484860
-122.267894	47.485216
-122.266759	47.486087
-122.266463	47.486232
-122.266444	47.486241
-122.266099	47.486363
-122.265945	47.486502
-122.265709	47.486541
-122.265520	47.486674
-122.265349	47.486677
-122.265035	47.486879
-122.264946	47.487187
-122.265089	47.487280
-122.265606	47.488070
-122.265819	47.488283
-122.266009	47.488501
-122.266262	47.488759
-122.266671	47.488968
-122.267006	47.489044
-122.267517	47.489088
-122.267904	47.489084
-122.268305	47.489007
-122.268582	47.488867
-122.269259	47.488567
-122.269799	47.488399
-122.270132	47.488389
-122.270627	47.488514
-122.270931	47.488700
-122.271183	47.488941
-122.271295	47.489183
-122.271355	47.489433
-122.271290	47.489857
-122.271378	47.490200
-122.271379	47.490307
-122.271479	47.490460
-122.271990	47.490829
-122.272213	47.490951
-122.272353	47.490937
-122.272487	47.491031
-122.273255	47.491176
-122.273572	47.491213
-122.274962	47.490970
-122.274970	47.490968
-122.275722	47.490859
-122.276838	47.490559
-122.277359	47.490368
-122.277603	47.490311
-122.277836	47.490148
-122.278382	47.489915
-122.278836	47.489808
-122.279404	47.489723
-122.279686	47.489737
-122.280023	47.489864
-122.280383	47.490193
-122.280676	47.490636
-122.280694	47.490635
-122.281061	47.493112
-122.281170	47.493247
-122.281106	47.493450
-122.281114	47.493450
-122.281289	47.494691
-122.281434	47.495487
-122.281524	47.495867
-122.281609	47.496437
-122.281610	47.496443
-122.281599	47.496984
-122.281557	47.497378
-122.281564	47.497943
-122.281490	47.498438
-122.281404	47.498855
-122.281366	47.499368
-122.281448	47.499777
-122.281770	47.499981
-122.282165	47.499976
-122.282660	47.500095
-122.283574	47.500143
-122.283574	47.500131
-122.285473	47.500232
-122.286080	47.500259
-122.287672	47.500364
-122.287954	47.500390
-122.288734	47.500331
-122.288734	47.500327
-122.289530	47.500239
-122.290215	47.500224
-122.290804	47.500252
-122.290935	47.500221
-122.291680	47.500182
-122.292510	47.500034
-122.293132	47.499967
-122.293763	47.499935
-122.294088	47.499925
-122.294516	47.499968
-122.294521	47.499958
-122.295038	47.500031
-122.295448	47.500026
-122.295931	47.500122
-122.296474	47.500266
-122.296901	47.500467
-122.297168	47.500797
-122.297474	47.501293
-122.297586	47.501522
-122.297676	47.501682
-122.297742	47.501745
-122.297826	47.501941
-122.297869	47.502100
-122.297865	47.502233
-122.297790	47.502346
-122.297747	47.502480
-122.297625	47.502630
-122.297588	47.502680
-122.297556	47.502800
-122.297568	47.502833
-122.297441	47.503074
-122.297400	47.503277
-122.297398	47.503500
-122.297481	47.503664
-122.297583	47.503908
-122.297598	47.503987
-122.297601	47.504003
-122.297619	47.504088
-122.297621	47.504150
-122.297621	47.504157
-122.297505	47.504228
-122.297499	47.504235
-122.297374	47.504397
-122.297157	47.504590
-122.296914	47.504680
-122.296645	47.504708
-122.296446	47.504710
-122.296145	47.504833
-122.295939	47.504994
-122.295212	47.505401
-122.294796	47.505596
-122.294205	47.505802
-122.293894	47.505989
-122.293529	47.506327
-122.293210	47.506656
-122.293143	47.506752
-122.293094	47.506875
-122.292914	47.507218
-122.292827	47.507504
-122.292706	47.507814
-122.292704	47.508179
-122.292741	47.508460
-122.292773	47.508655
-122.292786	47.508657
-122.293108	47.509303
-122.293469	47.509632
-122.294125	47.510068
-122.294739	47.510242
-122.295683	47.510464
-122.295686	47.510463
-122.296002	47.510519
-122.296283	47.510624
-122.296557	47.510693
-122.296814	47.510766
-122.297244	47.510904
-122.297961	47.511164
-122.298045	47.511208
-122.298046	47.511207
-122.298732	47.511460
-122.298908	47.511458
-122.299638	47.511623
-122.300407	47.511899
-122.300767	47.511791
-122.301139	47.511659
-122.301146	47.511493
-122.301244	47.511245
-122.301556	47.511083
-122.301969	47.510784
-122.302331	47.510335
-122.302325	47.510541
-122.302251	47.510812
-122.302001	47.511093
-122.301890	47.511316
-122.301861	47.511523
-122.302086	47.511608
-122.302306	47.511525
-122.302630	47.511386
-122.302768	47.511281
-122.303121	47.511364
-122.303036	47.511246
-122.302844	47.511098
-122.302723	47.510949
-122.302768	47.510869
-122.303058	47.510801
-122.303260	47.510886
-122.303751	47.511253
-122.303944	47.511457
-122.304135	47.511581
-122.304282	47.511405
-122.305224	47.512003
-122.305217	47.512162
-122.305272	47.512471
-122.305536	47.512674
-122.305677	47.512712
-122.305828	47.512646
-122.306106	47.512960
-122.305921	47.513058
-122.305897	47.513143
-122.305856	47.513337
-122.305659	47.513515
-122.305451	47.513673
-122.305918	47.514865
-122.306050	47.514994
-122.306173	47.515086
-122.306209	47.515385
-122.306423	47.515476
-122.306543	47.515468
-122.306617	47.515492
-122.306590	47.515530
-122.306499	47.515550
-122.306464	47.515625
-122.306479	47.515837
-122.306603	47.515992
-122.306785	47.516563
-122.306902	47.517092
-122.307005	47.517172
-122.306935	47.517304
-122.306966	47.517403
-122.307055	47.517633
-122.307174	47.517937
-122.307462	47.518657
-122.308069	47.518655
-122.308127	47.518730
-122.308158	47.518842
-122.308787	47.520269
-122.308311	47.520356
-122.308305	47.520362
-122.308384	47.520480
-122.308517	47.520790
-122.308544	47.520976
-122.308399	47.521010
-122.308512	47.521271
-122.308507	47.521277
-122.308510	47.521278
-122.308642	47.521252
-122.308692	47.521321
-122.308692	47.521322
-122.308685	47.521391
-122.308703	47.521574
-122.308708	47.521584
-122.308704	47.521621
-122.308756	47.521760
-122.308856	47.521969
-122.308937	47.522076
-122.309028	47.522095
-122.309084	47.522120
-122.309094	47.522161
-122.309051	47.522162
-122.308918	47.522163
-122.308821	47.522165
-122.308714	47.522240
-122.308738	47.522414
-122.309034	47.523128
-122.309324	47.524270
-122.309513	47.524742
-122.309718	47.525145
-122.310007	47.525596
-122.310289	47.526135
-122.310727	47.526629
-122.310935	47.526826
-122.311140	47.526904
-122.311318	47.526995
-122.311485	47.527049
-122.311659	47.527028
-122.312809	47.527631
-122.313980	47.528315
-122.313971	47.528639
-122.314036	47.528670
-122.314151	47.528475
-122.314225	47.528486
-122.314294	47.528654
-122.314734	47.528898
-122.314976	47.528976
-122.315209	47.529103
-122.315370	47.529239
-122.315537	47.529299
-122.315820	47.529526
-122.315996	47.529561
-122.316016	47.529617
-122.316148	47.529728
-122.316150	47.529728
-122.316562	47.529953
-122.316990	47.530103
-122.317440	47.530366
-122.317676	47.530575
-122.317928	47.530678
-122.318060	47.530788
-122.318254	47.530823
-122.318312	47.530904
-122.318593	47.531087
-122.318902	47.531258
-122.319092	47.531449
-122.319231	47.531497
-122.319562	47.531467
-122.319841	47.531539
-122.319964	47.531681
-122.320053	47.531867
-122.320230	47.531958
-122.320299	47.532100
-122.320430	47.532167
-122.320857	47.532305
-122.321217	47.532644
-122.321865	47.533059
-122.322166	47.533293
-122.322924	47.533707
-122.323740	47.534214
-122.323900	47.534318
-122.324995	47.534909
-122.325792	47.535410
-122.325935	47.535558
-122.325993	47.535669
-122.327852	47.536880
-122.328028	47.536903
-122.328220	47.536850
-122.328529	47.537027
-122.328302	47.537168
-122.328696	47.537406
-122.328760	47.537380
-122.329433	47.537733
-122.329432	47.537739
-122.329446	47.537739
-122.329965	47.538144
-122.330887	47.538799
-122.331282	47.539106
-122.331638	47.539282
-122.331906	47.539316
-122.332708	47.539331
-122.332910	47.539316
-122.333072	47.539195
-122.333229	47.539193
-122.333424	47.539240
-122.333645	47.539256
-122.333860	47.539353
-122.334118	47.539356
-122.334147	47.539380
-122.333889	47.539396
-122.333750	47.539367
-122.333583	47.539319
-122.333361	47.539303
-122.333168	47.539318
-122.332913	47.539409
-122.332277	47.539416
-122.332108	47.539510
-122.332613	47.539969
-122.333868	47.540901
-122.334955	47.541527
-122.334955	47.541528
-122.334992	47.541527
-122.335395	47.541896
-122.335312	47.541997
-122.335701	47.542283
-122.335799	47.542257
-122.336236	47.542500
-122.336252	47.542625
-122.336929	47.543115
-122.337383	47.543525
-122.337634	47.543705
-122.337807	47.543736
-122.338151	47.543714
-122.338777	47.544971
-122.338484	47.545033
-122.338705	47.545471
-122.340174	47.548255
-122.340480	47.548201
-122.340570	47.548349
-122.340745	47.548438
-122.341347	47.548464
-122.341900	47.548465
-122.342573	47.548373
-122.342166	47.548719
-122.342171	47.548902
-122.341944	47.549130
-122.341651	47.549183
-122.341683	47.549441
-122.341399	47.549628
-122.341402	47.550088
-122.341016	47.550229
-122.341277	47.550861
-122.341494	47.551072
-122.341676	47.551114
-122.341693	47.551096
-122.343575	47.551058
-122.343605	47.551427
-122.341947	47.551437
-122.341862	47.551420
-122.341863	47.551431
-122.341673	47.551427
-122.342131	47.552320
-122.342299	47.552283
-122.342714	47.553134
-122.342709	47.553141
-122.342716	47.553141
-122.343117	47.553871
-122.343832	47.555240
-122.344077	47.555315
-122.346104	47.555017
-122.346348	47.555078
-122.346485	47.555055
-122.347695	47.555324
-122.347838	47.555529
-122.347896	47.555614
-122.347929	47.555614
-122.348645	47.555940
-122.348786	47.556074
-122.349090	47.556348
-122.349331	47.556652
-122.349644	47.556905
-122.349874	47.557209
-122.350004	47.557328
-122.350169	47.557540
-122.350292	47.557787
-122.350433	47.557914
-122.350460	47.558113
-122.350406	47.558428
-122.350335	47.558901
-122.350222	47.559359
-122.350207	47.559952
-122.350346	47.560379
-122.350553	47.560961
-122.349996	47.561040
-122.349862	47.561142
-122.349903	47.561441
-122.350099	47.561653
-122.350078	47.561675
-122.349869	47.561742
-122.349664	47.561923
-122.349519	47.562039
-122.349365	47.562163
-122.349296	47.562349
-122.348124	47.563339
-122.348965	47.565096
-122.349289	47.565020
-122.349263	47.565213
-122.349298	47.565298
-122.349535	47.565474
-122.349802	47.565606
-122.349995	47.566067
-122.349863	47.566248
-122.349846	47.566383
-122.349914	47.566540
-122.350054	47.566645
-122.350068	47.566766
-122.350056	47.566822
-122.350081	47.566822
-122.350102	47.566968
-122.350105	47.567098
-122.350000	47.567207
-122.349973	47.567434
-122.349994	47.567580
-122.350031	47.567693
-122.350102	47.567833
-122.350163	47.567934
-122.350291	47.568023
-122.350521	47.568156
-122.350650	47.568296
-122.350670	47.568414
-122.350816	47.568536
-122.350943	47.568614
-122.351070	47.568641
-122.351206	47.568718
-122.351504	47.568934
-122.351481	47.568997
-122.352078	47.569436
-122.352335	47.569630
-122.352368	47.569613
-122.352453	47.569685
-122.352571	47.569700
-122.352734	47.569851
-122.352872	47.569979
-122.352993	47.570125
-122.353249	47.570297
-122.353573	47.570558
-122.353839	47.570775
-122.354394	47.571186
-122.354669	47.571459
-122.354799	47.571593
-122.355002	47.571681
-122.355214	47.571786
-122.355325	47.571875
-122.355462	47.571997
-122.355580	47.572041
-122.355667	47.572153
-122.355795	47.572230
-122.355964	47.572285
-122.356073	47.572311
-122.356201	47.572394
-122.356372	47.572517
-122.356165	47.572610
-122.356584	47.572938
-122.356691	47.572880
-122.356749	47.572856
-122.356842	47.572912
-122.356971	47.573012
-122.357141	47.573123
-122.357295	47.573245
-122.357458	47.573379
-122.357569	47.573473
-122.357757	47.573612
-122.357909	47.573683
-122.358111	47.573720
-122.358313	47.573752
-122.358438	47.573727
-122.358448	47.573818
-122.359886	47.573821
-122.359882	47.573697
-122.360367	47.573707
-122.360432	47.573644
-122.360708	47.573657
-122.360720	47.573753
-122.360410	47.573757
-122.360412	47.573825
-122.360408	47.573825
-122.360413	47.573827
-122.360449	47.573824
-122.360826	47.573819
-122.360866	47.573808
-122.360855	47.573808
-122.360844	47.573723
-122.360849	47.573723
-122.360840	47.573710
-122.360854	47.573702
-122.360865	47.573702
-122.360883	47.573702
-122.360908	47.573702
-122.360991	47.573691
-122.361073	47.573690
-122.361253	47.573690
-122.361375	47.573681
-122.361431	47.573651
-122.361437	47.573733
-122.361436	47.573743
-122.361437	47.573744
-122.361425	47.575287
-122.361426	47.576198
-122.361416	47.579280
-122.361401	47.581587
-122.361735	47.581605
-122.361770	47.581661
-122.361790	47.581757
-122.361771	47.581961
-122.361808	47.582074
-122.361753	47.582227
-122.361758	47.582380
-122.361739	47.582589
-122.361719	47.582649
-122.361627	47.582723
-122.361617	47.582804
-122.361682	47.582871
-122.361721	47.582942
-122.361749	47.583031
-122.361770	47.583120
-122.361780	47.583238
-122.361827	47.583335
-122.361868	47.583441
-122.361921	47.583554
-122.361949	47.583643
-122.361989	47.583719
-122.361999	47.583876
-122.362003	47.584003
-122.362006	47.584088
-122.362021	47.584189
-122.362067	47.584265
-122.358385	47.585433
-122.358392	47.584840
-122.358105	47.584828
-122.358051	47.584845
-122.357796	47.584885
-122.357445	47.584944
-122.356942	47.585029
-122.356767	47.585056
-122.356560	47.585038
-122.356539	47.584989
-122.356517	47.584916
-122.356517	47.584849
-122.356527	47.584787
-122.356460	47.584662
-122.356651	47.584641
-122.358402	47.584354
-122.358356	47.584235
-122.356944	47.584477
-122.356937	47.584432
-122.356864	47.584437
-122.356695	47.584476
-122.356591	47.584486
-122.356508	47.584524
-122.356441	47.584525
-122.356355	47.584509
-122.356341	47.584456
-122.356321	47.584394
-122.356394	47.584381
-122.356368	47.584312
-122.356288	47.584292
-122.356280	47.584222
-122.356429	47.584129
-122.356508	47.584120
-122.356562	47.584095
-122.356573	47.584045
-122.356651	47.584040
-122.356678	47.584089
-122.357138	47.584017
-122.358252	47.583833
-122.358392	47.583823
-122.358403	47.583786
-122.358377	47.583704
-122.358315	47.583697
-122.358201	47.583735
-122.358110	47.583753
-122.358001	47.583750
-122.358036	47.583717
-122.358206	47.583694
-122.358199	47.583657
-122.358184	47.583571
-122.358146	47.583509
-122.358114	47.583485
-122.358017	47.583478
-122.357932	47.583475
-122.357925	47.583438
-122.358136	47.583398
-122.358121	47.583308
-122.358073	47.583309
-122.358004	47.583256
-122.357978	47.583199
-122.357976	47.583120
-122.357955	47.583018
-122.357956	47.582837
-122.357947	47.582734
-122.357950	47.582639
-122.357959	47.582540
-122.357956	47.582421
-122.357990	47.582346
-122.358011	47.582222
-122.358008	47.582136
-122.357993	47.582021
-122.357965	47.581914
-122.357973	47.581774
-122.357943	47.581589
-122.357982	47.581461
-122.357961	47.581350
-122.357964	47.581247
-122.358079	47.581320
-122.358416	47.581533
-122.358413	47.581410
-122.358412	47.580743
-122.358085	47.580532
-122.357992	47.580472
-122.357939	47.580341
-122.357898	47.580139
-122.357940	47.580078
-122.357971	47.580099
-122.358320	47.580332
-122.358417	47.580298
-122.358403	47.579824
-122.358093	47.579631
-122.358104	47.579585
-122.358163	47.579531
-122.358107	47.579487
-122.358117	47.579408
-122.358060	47.579331
-122.358394	47.579536
-122.358409	47.579404
-122.358272	47.579315
-122.358166	47.579230
-122.358184	47.579205
-122.358252	47.579233
-122.358330	47.579208
-122.358353	47.579158
-122.358345	47.579100
-122.358301	47.579052
-122.358245	47.579003
-122.358275	47.578982
-122.358410	47.579046
-122.358666	47.579047
-122.358677	47.578379
-122.358552	47.578379
-122.358427	47.578379
-122.358424	47.578263
-122.358486	47.578308
-122.358735	47.578296
-122.358753	47.578267
-122.358778	47.577480
-122.358437	47.577468
-122.358449	47.577362
-122.358251	47.577222
-122.358256	47.577218
-122.358362	47.577154
-122.358365	47.576968
-122.358323	47.576924
-122.358281	47.576886
-122.358329	47.576836
-122.358444	47.576890
-122.358425	47.575440
-122.358135	47.575219
-122.356667	47.574119
-122.356635	47.574141
-122.356523	47.574203
-122.356433	47.574177
-122.356383	47.574117
-122.356308	47.574069
-122.356225	47.573987
-122.356142	47.573928
-122.356067	47.573874
-122.356009	47.573804
-122.355893	47.573750
-122.355762	47.573697
-122.355663	47.573644
-122.355564	47.573573
-122.355463	47.573476
-122.355380	47.573395
-122.355240	47.573314
-122.355148	47.573217
-122.355056	47.573136
-122.354949	47.573082
-122.354816	47.572974
-122.354725	47.572920
-122.354649	47.572844
-122.354582	47.572752
-122.354425	47.572666
-122.354302	47.572602
-122.354194	47.572538
-122.354103	47.572456
-122.354068	47.572386
-122.353978	47.572337
-122.353837	47.572251
-122.353745	47.572165
-122.353645	47.572073
-122.353651	47.572070
-122.353648	47.572068
-122.353710	47.572032
-122.353325	47.571729
-122.353287	47.571754
-122.353213	47.571733
-122.353138	47.571651
-122.353038	47.571559
-122.352922	47.571478
-122.352797	47.571370
-122.352631	47.571241
-122.352547	47.571143
-122.352357	47.571008
-122.352223	47.570873
-122.352082	47.570770
-122.351886	47.570718
-122.351706	47.570649
-122.351582	47.570612
-122.351515	47.570525
-122.351464	47.570444
-122.351334	47.570434
-122.351148	47.570448
-122.351028	47.570499
-122.350883	47.570534
-122.350720	47.570525
-122.350516	47.570484
-122.350441	47.570441
-122.350448	47.570369
-122.350349	47.570316
-122.350200	47.570224
-122.350051	47.570117
-122.349694	47.569830
-122.349155	47.569442
-122.349039	47.569372
-122.348908	47.569308
-122.348753	47.569272
-122.348646	47.569246
-122.348484	47.569243
-122.348329	47.569223
-122.348183	47.569236
-122.348028	47.569199
-122.347930	47.569162
-122.347888	47.569124
-122.347742	47.569115
-122.347637	47.569144
-122.347533	47.569162
-122.347371	47.569186
-122.347234	47.569215
-122.347087	47.569179
-122.346909	47.569214
-122.346764	47.569227
-122.346609	47.569213
-122.346513	47.569258
-122.346499	47.569351
-122.346438	47.569462
-122.346332	47.569716
-122.346201	47.569992
-122.346104	47.570274
-122.346021	47.570494
-122.346026	47.570642
-122.346159	47.570778
-122.346212	47.570914
-122.346094	47.571306
-122.345937	47.571769
-122.346011	47.571796
-122.346076	47.571828
-122.345619	47.572828
-122.345436	47.573264
-122.345361	47.573474
-122.345348	47.573583
-122.345416	47.573665
-122.345490	47.573713
-122.345636	47.573706
-122.345806	47.573687
-122.345927	47.573658
-122.346025	47.573679
-122.345994	47.575145
-122.346044	47.578532
-122.346005	47.581372
-122.346013	47.584172
-122.346007	47.587313
-122.346005	47.588647
-122.346010	47.590503
-122.342834	47.590656
-122.342826	47.590656
-122.338655	47.590661
-122.338543	47.590561
-122.338539	47.590114
-122.338622	47.590107
-122.338611	47.590034
-122.342917	47.590039
-122.342915	47.589694
-122.342543	47.589569
-122.342557	47.589467
-122.342731	47.589397
-122.342784	47.589215
-122.342888	47.589050
-122.342893	47.588954
-122.342922	47.588806
-122.342842	47.588632
-122.342738	47.588475
-122.342656	47.588278
-122.342681	47.587978
-122.342637	47.587894
-122.342570	47.587301
-122.342778	47.587293
-122.342773	47.586241
-122.342730	47.586208
-122.342660	47.586095
-122.342681	47.585942
-122.342654	47.585581
-122.342668	47.585485
-122.343036	47.585491
-122.343021	47.582093
-122.343007	47.580464
-122.342996	47.580385
-122.342937	47.580347
-122.341880	47.579642
-122.340456	47.578672
-122.340361	47.578588
-122.340351	47.578509
-122.340314	47.578397
-122.340310	47.578238
-122.340339	47.578091
-122.340428	47.578016
-122.340553	47.577969
-122.340730	47.578035
-122.340875	47.578129
-122.341035	47.578195
-122.341172	47.578306
-122.341267	47.578395
-122.341344	47.578462
-122.341462	47.578506
-122.341557	47.578595
-122.341668	47.578678
-122.341761	47.578705
-122.341836	47.578721
-122.341955	47.578793
-122.342143	47.578915
-122.342381	47.579065
-122.342573	47.579056
-122.342711	47.578919
-122.342667	47.578840
-122.342652	47.578597
-122.342635	47.578309
-122.342651	47.577987
-122.343002	47.577982
-122.343013	47.575793
-122.343018	47.573662
-122.343578	47.573654
-122.343669	47.573630
-122.343725	47.573556
-122.344014	47.572834
-122.343869	47.572757
-122.343768	47.572719
-122.343806	47.572582
-122.343887	47.572491
-122.344086	47.572432
-122.344241	47.572334
-122.344289	47.572237
-122.344411	47.572133
-122.344509	47.572059
-122.344488	47.572189
-122.344646	47.572170
-122.344701	47.572039
-122.344641	47.571978
-122.344604	47.571876
-122.344643	47.571785
-122.344797	47.571331
-122.344981	47.571017
-122.345052	47.570903
-122.345315	47.570725
-122.345378	47.570605
-122.345470	47.570321
-122.345610	47.569980
-122.345703	47.569707
-122.345810	47.569384
-122.345824	47.569265
-122.345763	47.569186
-122.345450	47.569060
-122.345399	47.569033
-122.345821	47.568021
-122.345669	47.567972
-122.345680	47.567762
-122.345724	47.567553
-122.345734	47.567326
-122.345803	47.567133
-122.345815	47.566969
-122.345812	47.566867
-122.345819	47.566867
-122.345787	47.566845
-122.345908	47.566664
-122.346023	47.566263
-122.346014	47.565942
-122.346164	47.565311
-122.346266	47.564824
-122.346261	47.564653
-122.346159	47.564412
-122.345690	47.563490
-122.345547	47.563370
-122.345089	47.563299
-122.345139	47.563206
-122.345188	47.563069
-122.344611	47.562085
-122.344561	47.561828
-122.344744	47.561604
-122.344726	47.561347
-122.344326	47.560632
-122.344064	47.560706
-122.343874	47.560680
-122.343806	47.560531
-122.343929	47.560408
-122.344220	47.560255
-122.343760	47.559311
-122.343418	47.558801
-122.343009	47.557793
-122.342672	47.557083
-122.340046	47.557082
-122.340085	47.556611
-122.339805	47.556436
-122.339382	47.556020
-122.339568	47.555882
-122.341767	47.556145
-122.341824	47.555923
-122.341612	47.555862
-122.341553	47.555663
-122.341891	47.555665
-122.341510	47.554892
-122.340999	47.554742
-122.340763	47.554588
-122.340759	47.554452
-122.340623	47.554154
-122.340709	47.553839
-122.340394	47.553158
-122.340419	47.553157
-122.340404	47.553143
-122.340288	47.552416
-122.339804	47.551702
-122.339335	47.550808
-122.338978	47.550134
-122.338746	47.549788
-122.338745	47.549786
-122.338620	47.549764
-122.338424	47.549351
-122.338367	47.549061
-122.338333	47.548762
-122.338146	47.548223
-122.337940	47.547910
-122.337812	47.547729
-122.337547	47.547499
-122.337062	47.546449
-122.336985	47.546334
-122.336874	47.546302
-122.336703	47.546354
-122.336388	47.546508
-122.336042	47.546845
-122.335408	47.547461
-122.335252	47.547571
-122.335069	47.547632
-122.334932	47.547567
-122.334928	47.547434
-122.334922	47.547201
-122.335022	47.546834
-122.335483	47.546229
-122.335966	47.545499
-122.335973	47.545499
-122.336085	47.545347
-122.336269	47.544488
-122.336126	47.544240
-122.335771	47.543854
-122.335019	47.543332
-122.334272	47.542975
-122.333984	47.542813
-122.333159	47.542732
-122.333046	47.542659
-122.331866	47.543057
-122.331803	47.542991
-122.330210	47.543137
-122.330095	47.542989
-122.330063	47.542732
-122.330007	47.542483
-122.329798	47.542485
-122.329893	47.542368
-122.332462	47.542334
-122.332459	47.542226
-122.330898	47.542221
-122.330890	47.541947
-122.332512	47.541951
-122.332609	47.541899
-122.332195	47.541589
-122.332205	47.541588
-122.331192	47.540885
-122.331290	47.540784
-122.330331	47.540111
-122.329683	47.539670
-122.329430	47.539549
-122.329282	47.539513
-122.329134	47.539515
-122.328905	47.539531
-122.328315	47.539520
-122.328093	47.539504
-122.327907	47.539438
-122.327868	47.539357
-122.327939	47.539262
-122.328230	47.539134
-122.328300	47.539027
-122.328214	47.538897
-122.327808	47.538547
-122.327527	47.538401
-122.327227	47.538217
-122.326923	47.537916
-122.326977	47.537865
-122.326883	47.537791
-122.326900	47.537791
-122.326759	47.537693
-122.326100	47.537234
-122.325819	47.537069
-122.325631	47.536916
-122.324975	47.536531
-122.324628	47.536342
-122.324252	47.536073
-122.324158	47.535993
-122.323653	47.535725
-122.323150	47.535538
-122.322935	47.535447
-122.322800	47.535231
-122.322414	47.534924
-122.321931	47.534806
-122.321856	47.534738
-122.321147	47.534766
-122.319836	47.535632
-122.319177	47.536763
-122.319152	47.536863
-122.319156	47.537007
-122.319122	47.537107
-122.319032	47.537183
-122.318876	47.537204
-122.318605	47.537058
-122.318610	47.536920
-122.318540	47.536728
-122.318517	47.536553
-122.318605	47.536396
-122.318636	47.536203
-122.318531	47.536079
-122.319005	47.535574
-122.319150	47.535491
-122.319348	47.535338
-122.319709	47.535059
-122.320142	47.534754
-122.320387	47.534607
-122.320494	47.534500
-122.320694	47.534397
-122.320993	47.534225
-122.321045	47.534106
-122.320949	47.533951
-122.320799	47.533884
-122.320676	47.533774
-122.320525	47.533626
-122.320329	47.533529
-122.320187	47.533393
-122.319764	47.533118
-122.319326	47.532930
-122.319214	47.532876
-122.318982	47.532816
-122.318675	47.532733
-122.318404	47.532587
-122.318308	47.532470
-122.318167	47.532365
-122.317844	47.532326
-122.316167	47.531350
-122.314677	47.530446
-122.313460	47.529781
-122.313474	47.529781
-122.310723	47.528129
-122.310616	47.527930
-122.310530	47.527801
-122.310240	47.527642
-122.309874	47.527397
-122.309760	47.527280
-122.309628	47.527195
-122.309360	47.527136
-122.309171	47.526988
-122.309038	47.526853
-122.308471	47.525993
-122.308270	47.525434
-122.307963	47.524646
-122.307834	47.524342
-122.307593	47.524295
-122.306531	47.521576
-122.306333	47.521098
-122.306332	47.521067
-122.305724	47.521056
-122.305655	47.520882
-122.305508	47.520260
-122.305251	47.519615
-122.304989	47.519150
-122.304884	47.519014
-122.304726	47.518979
-122.304196	47.519129
-122.302919	47.519558
-122.302181	47.519829
-122.301810	47.519416
-122.301853	47.519309
-122.302207	47.519130
-122.304987	47.518115
-122.304846	47.517680
-122.304637	47.517115
-122.304233	47.516203
-122.304239	47.516090
-122.304320	47.516014
-122.304409	47.515913
-122.304450	47.515732
-122.304417	47.515533
-122.304148	47.515124
-122.303975	47.514546
-122.303742	47.514113
-122.303484	47.513804
-122.303325	47.513700
-122.303047	47.513323
-122.302850	47.513188
-122.302867	47.513188
-122.302478	47.513063
-122.301865	47.512904
-122.301359	47.512847
-122.300913	47.512789
-122.300573	47.512786
-122.300033	47.512745
-122.299505	47.512720
-122.299300	47.512671
-122.299294	47.512671
-122.299086	47.512637
-122.298907	47.512575
-122.298464	47.512425
-122.298369	47.512418
-122.298100	47.512301
-122.297403	47.511937
-122.297397	47.511929
-122.297360	47.511886
-122.297339	47.511782
-122.297110	47.511624
-122.296625	47.511442
-122.296385	47.511334
-122.296317	47.511426
-122.296060	47.511353
-122.295922	47.511262
-122.295766	47.511192
-122.295736	47.511160
-122.295298	47.510973
-122.294741	47.510710
-122.294115	47.510528
-122.293301	47.510308
-122.293252	47.510286
-122.293117	47.510240
-122.292931	47.510166
-122.292834	47.510059
-122.292674	47.509872
-122.292406	47.509587
-122.292296	47.509448
-122.292102	47.509106
-122.291994	47.508830
-122.291984	47.508736
-122.291958	47.508676
-122.291955	47.508675
-122.291852	47.508359
-122.291900	47.507962
-122.292090	47.507237
-122.292262	47.506672
-122.292509	47.506288
-122.293013	47.505900
-122.293704	47.505471
-122.294164	47.505179
-122.294650	47.504967
-122.294891	47.504797
-122.295085	47.504612
-122.295314	47.504426
-122.295495	47.504235
