-122.2952
-122.2948
-122.2942
-122.2939
-122.2935
-122.2932
-122.2931
-122.2931
-122.2929
-122.2928
-122.2927
-122.2927
-122.2927
-122.2928
-122.2928
-122.2931
-122.2935
-122.2941
-122.2947
-122.2957
-122.2957
-122.2960
-122.2963
-122.2966
-122.2968
-122.2972
-122.2980
-122.2980
-122.2980
-122.2987
-122.2989
-122.2996
-122.3004
-122.3008
-122.3011
-122.3011
-122.3012
-122.3016
-122.3020
-122.3023
-122.3023
-122.3023
-122.3020
-122.3019
-122.3019
-122.3021
-122.3023
-122.3026
-122.3028
-122.3031
-122.3030
-122.3028
-122.3027
-122.3028
-122.3031
-122.3033
-122.3038
-122.3039
-122.3041
-122.3043
-122.3052
-122.3052
-122.3053
-122.3055
-122.3057
-122.3058
-122.3061
-122.3059
-122.3059
-122.3059
-122.3057
-122.3055
-122.3059
-122.3061
-122.3062
-122.3062
-122.3064
-122.3065
-122.3066
-122.3066
-122.3065
-122.3065
-122.3065
-122.3066
-122.3068
-122.3069
-122.3070
-122.3069
-122.3070
-122.3071
-122.3072
-122.3075
-122.3081
-122.3081
-122.3082
-122.3088
-122.3083
-122.3083
-122.3084
-122.3085
-122.3085
-122.3084
-122.3085
-122.3085
-122.3085
-122.3086
-122.3087
-122.3087
-122.3087
-122.3087
-122.3087
-122.3087
-122.3065
-122.3063
-122.3063
-122.3057
-122.3057
-122.3055
-122.3053
-122.3050
-122.3049
-122.3047
-122.3042
-122.3029
-122.3022
-122.3018
-122.3019
-122.3022
-122.3050
-122.3048
-122.3046
-122.3042
-122.3042
-122.3043
-122.3044
-122.3045
-122.3044
-122.3041
-122.3040
-122.3037
-122.3035
-122.3033
-122.3030
-122.3029
-122.3029
-122.3025
-122.3019
-122.3014
-122.3009
-122.3006
-122.3000
-122.2995
-122.2993
-122.2993
-122.2991
-122.2989
-122.2985
-122.2984
-122.2981
-122.2974
-122.2974
-122.2974
-122.2973
-122.2971
-122.2966
-122.2964
-122.2963
-122.2961
-122.2959
-122.2958
-122.2957
-122.2953
-122.2947
-122.2941
-122.2933
-122.2933
-122.2931
-122.2929
-122.2928
-122.2927
-122.2924
-122.2923
-122.2921
-122.2920
-122.2920
-122.2920
-122.2920
-122.2919
-122.2919
-122.2921
-122.2923
-122.2925
-122.2930
-122.2937
-122.2942
-122.2947
-122.2949
-122.2951
-122.2953
-122.2952
