13.348
13.348
13.348
13.348
13.348
13.348
13.348
13.348
13.348
13.348
13.348
13.348
11.784
9.5937
7.4036
5.2136
3.0235
0.99341
1.0431
1.0928
1.1425
1.1922
1.2419
1.3073
1.3936
1.4798
1.566
1.6523
1.7385
1.7811
1.8117
1.8424
1.873
1.9037
1.929
1.9224
1.9158
1.9093
1.9027
1.8961
1.875
1.8392
1.8035
1.7678
1.7321
1.6964
1.7778
1.8787
1.9797
2.0806
2.1816
2.2665
2.2924
2.3183
2.3442
2.3701
2.396
2.3754
2.3198
2.2642
2.2086
2.1531
2.0975
2.0281
1.9576
1.8872
1.8167
1.7462
1.6532
1.5039
1.3546
1.2053
1.0559
0.9066
2.2767
4.491
6.7053
8.9195
11.134
13.348
13.348
13.348
13.348
13.348
13.348
13.348
13.348
13.348
13.348
13.348
13.348
11.596
9.4043
7.2142
5.0241
2.8341
0.99181
1.0544
1.1168
1.1666
1.2163
1.2661
1.3158
1.3811
1.4674
1.5536
1.6399
1.7261
1.8289
1.8756
1.9062
1.9368
1.9675
2.0005
2.0346
2.0271
2.0205
2.0139
2.0074
2.0008
1.9796
1.9439
1.9082
1.8725
1.8368
1.7912
1.8711
1.972
2.073
2.1739
2.2835
2.3913
2.4172
2.4431
2.469
2.4949
2.4716
2.4387
2.401
2.3454
2.2899
2.2343
2.1787
2.1093
2.0389
1.9684
1.8979
1.8391
1.7685
1.6192
1.4699
1.3206
1.1712
1.0941
2.4997
4.714
6.9282
9.1425
11.158
10.97
13.348
13.348
13.348
13.348
13.348
13.348
13.348
13.348
13.348
13.348
11.414
9.2169
7.0248
4.8347
2.6446
0.98928
1.0519
1.1145
1.1769
1.2393
1.2902
1.3399
1.3896
1.4549
1.5412
1.6274
1.7137
1.8181
1.9234
1.97
2.0006
2.0313
2.0652
2.1062
2.1404
2.1328
2.1252
2.1186
2.112
2.1055
2.0843
2.0486
2.0129
1.9769
1.9307
1.8844
1.9644
2.0653
2.1663
2.2783
2.4083
2.5161
2.542
2.5679
2.5938
2.5642
2.5149
2.482
2.4615
2.4267
2.3711
2.3155
2.26
2.1906
2.1201
2.0496
1.9934
1.9544
1.8838
1.7345
1.5852
1.4359
1.3669
1.317
2.7226
4.9369
7.1512
8.9669
8.7796
8.5923
13.348
13.348
13.348
13.348
13.348
13.348
13.348
13.348
13.348
11.232
9.0346
6.8374
4.6453
2.4552
0.98675
1.0493
1.1119
1.1745
1.2369
1.2993
1.3617
1.4137
1.4634
1.5288
1.615
1.7019
1.8072
1.9125
2.0178
2.0645
2.0951
2.1298
2.1709
2.212
2.2461
2.2385
2.231
2.2234
2.2167
2.2102
2.189
2.1533
2.1165
2.0702
2.024
1.9777
2.0577
2.1586
2.273
2.4031
2.5331
2.6408
2.6668
2.6927
2.6569
2.6076
2.5583
2.5254
2.5048
2.4842
2.4523
2.3968
2.3412
2.2718
2.2013
2.1477
2.1087
2.0697
1.9991
1.8498
1.7005
1.6398
1.5899
1.54
2.9456
5.1599
6.7763
6.589
6.4017
6.2144
13.348
13.348
13.348
13.348
13.348
13.348
13.348
13.247
11.049
8.8522
6.655
4.4579
2.2657
0.98422
1.0468
1.1094
1.172
1.2346
1.297
1.3594
1.4218
1.4842
1.5372
1.6026
1.6911
1.7964
1.9017
2.007
2.1123
2.1589
2.1945
2.2356
2.2767
2.3177
2.3519
2.3443
2.3367
2.3292
2.3216
2.3148
2.2937
2.256
2.2097
2.1635
2.1173
2.071
2.151
2.2678
2.3978
2.5279
2.6579
2.7656
2.7915
2.7495
2.7002
2.6509
2.6016
2.5687
2.5481
2.5276
2.507
2.478
2.4224
2.353
2.302
2.263
2.224
2.185
2.1145
1.9651
1.9127
1.8628
1.8128
1.7629
3.1685
4.5858
4.3985
4.2112
4.0239
3.8366
13.348
13.348
13.348
13.348
13.348
13.348
13.064
10.867
8.6699
6.4727
4.2755
2.0783
0.9817
1.0443
1.1069
1.1695
1.2321
1.2946
1.357
1.4195
1.4819
1.5443
1.6067
1.6802
1.7855
1.8908
1.9961
2.1014
2.2067
2.2592
2.3003
2.3413
2.3824
2.4235
2.4576
2.4501
2.4425
2.4349
2.4274
2.4198
2.3955
2.3493
2.303
2.2568
2.2106
2.1643
2.2625
2.3926
2.5226
2.6527
2.7827
2.8904
2.8422
2.7929
2.7435
2.6942
2.6449
2.6121
2.5915
2.5709
2.5503
2.5297
2.5037
2.4563
2.4173
2.3783
2.3393
2.3003
2.2355
2.1856
2.1356
2.0857
2.0358
1.9859
2.3952
2.2079
2.0206
1.8333
1.646
1.4587
13.348
11.453
11.453
11.453
11.453
11.453
10.668
8.4711
6.2739
4.0767
1.8795
0.96706
1.0472
1.1134
1.176
1.2386
1.3012
1.3689
1.487
1.5494
1.6118
1.6742
1.7366
1.8062
1.9003
2.0056
2.1109
2.2162
2.3215
2.3873
2.4294
2.4705
2.5115
2.5526
2.5867
2.5792
2.5716
2.564
2.5565
2.5554
2.5376
2.4914
2.4451
2.3989
2.3527
2.2831
2.3832
2.5133
2.6433
2.7733
2.906
3.0269
2.9776
2.9283
2.879
2.8297
2.7733
2.7333
2.7127
2.6921
2.6716
2.651
2.6262
2.5881
2.5491
2.5101
2.4711
2.4287
2.3571
2.2832
2.2332
2.1833
2.1334
2.0835
1.9452
1.7579
1.5706
1.3833
1.196
1.0218
13.348
11.132
9.0525
9.0525
9.0525
9.0525
8.2678
6.0706
3.8734
1.6762
0.95104
1.0107
1.0909
1.1792
1.2476
1.3102
1.3728
1.4404
1.574
1.6981
1.7605
1.8229
1.8853
1.9548
2.0339
2.1258
2.2311
2.3364
2.4418
2.5076
2.5626
2.6058
2.6469
2.6879
2.7221
2.7145
2.7069
2.6994
2.6998
2.7105
2.6927
2.6465
2.6002
2.554
2.4817
2.4026
2.5028
2.6329
2.7629
2.8986
3.066
3.1869
3.1376
3.0883
3.039
2.9812
2.9153
2.8753
2.8548
2.8342
2.8136
2.7884
2.7624
2.7243
2.6853
2.6463
2.6019
2.5385
2.4669
2.3748
2.2974
2.2475
2.1976
2.1477
2.0094
1.8221
1.6348
1.4475
1.2746
1.1026
13.348
11.132
8.915
6.6984
6.652
6.652
5.8673
3.6701
1.4729
0.93503
0.99472
1.0544
1.1346
1.2229
1.3112
1.3817
1.4443
1.512
1.6456
1.7791
1.9091
1.9715
2.0339
2.1035
2.1825
2.2616
2.3514
2.4567
2.562
2.6278
2.6828
2.7378
2.7822
2.8233
2.8574
2.8498
2.8423
2.8442
2.8549
2.8656
2.8478
2.8016
2.7553
2.6803
2.6013
2.5222
2.6224
2.7524
2.8913
3.0586
3.226
3.3469
3.2976
3.2483
3.1891
3.1233
3.0574
3.0174
2.9968
2.9762
2.9505
2.9246
2.8986
2.8606
2.8216
2.7751
2.7117
2.6483
2.5768
2.4847
2.3926
2.3117
2.2618
2.2118
2.0736
1.8863
1.6993
1.5273
1.3554
1.1834
13.348
11.132
8.915
6.6984
4.4819
4.2516
3.4669
1.2697
0.91901
0.97871
1.0384
1.0981
1.1782
1.2666
1.3549
1.4433
1.5159
1.5836
1.7171
1.8507
1.9843
2.1178
2.1825
2.2521
2.3312
2.4102
2.4893
2.5769
2.6822
2.748
2.803
2.8581
2.9131
2.9586
2.9927
2.9852
2.9886
2.9993
3.01
3.0207
3.0029
2.9567
2.8789
2.7999
2.7209
2.6418
2.742
2.8839
3.0513
3.2186
3.3859
3.5069
3.4576
3.3971
3.3312
3.2653
3.1994
3.1594
3.1386
3.1127
3.0868
3.0608
3.0349
2.9968
2.9483
2.8849
2.8215
2.7582
2.6866
2.5945
2.5024
2.4104
2.3259
2.276
2.1378
1.9521
1.7801
1.6081
1.4361
1.2641
13.348
11.132
8.915
6.6984
4.4819
2.2653
1.0664
0.903
0.96269
1.0224
1.0821
1.1418
1.2219
1.3103
1.3986
1.4869
1.5753
1.6551
1.7887
1.9222
2.0558
2.1894
2.323
2.4007
2.4798
2.5589
2.6379
2.717
2.8024
2.8682
2.9233
2.9783
3.0333
3.0884
3.1281
3.1331
3.1437
3.1544
3.1651
3.1758
3.1566
3.0776
2.9985
2.9195
2.8404
2.7614
2.8765
3.0439
3.2112
3.3786
3.5459
3.6669
3.605
3.5391
3.4732
3.4073
3.3414
3.3008
3.2749
3.2489
3.223
3.197
3.1711
3.1215
3.0581
2.9948
2.9314
2.868
2.7964
2.7044
2.6123
2.5202
2.4281
2.3402
2.2048
2.0328
1.8608
1.6889
1.5169
1.3449
13.348
11.132
8.915
6.6984
4.4819
2.2653
0.88893
0.9558
1.0155
1.0752
1.1349
1.1946
1.2865
1.3749
1.4632
1.5515
1.6399
1.7315
1.865
1.9986
2.1322
2.2657
2.4015
2.5462
2.6308
2.7098
2.7889
2.868
2.9471
3.0189
3.0739
3.129
3.184
3.239
3.2877
3.2984
3.3091
3.3198
3.3305
3.3423
3.3124
3.2334
3.1544
3.0753
2.9963
2.9042
3.0624
3.2298
3.3971
3.5645
3.7318
3.8445
3.7695
3.7036
3.6377
3.5718
3.5059
3.4628
3.4369
3.4109
3.385
3.3591
3.3294
3.2682
3.2048
3.1414
3.0781
3.0147
2.9007
2.7752
2.6831
2.591
2.4989
2.4068
2.3247
2.1527
1.9808
1.8088
1.6368
1.4648
13.348
11.132
8.915
6.6984
4.4838
2.2955
0.91958
1.0058
1.0749
1.1346
1.1943
1.254
1.3476
1.4547
1.543
1.6314
1.7197
1.8113
1.9449
2.0784
2.212
2.351
2.524
2.6687
2.7756
2.8625
2.9416
3.0207
3.0998
3.1746
3.2468
3.3018
3.3569
3.4119
3.4606
3.4713
3.482
3.4927
3.5052
3.5245
3.4947
3.4156
3.3366
3.2576
3.1632
3.0572
3.2264
3.4345
3.6018
3.7692
3.9365
4.0492
3.9612
3.8844
3.8185
3.7526
3.6867
3.6436
3.6177
3.5917
3.5658
3.5355
3.5028
3.4417
3.3783
3.3149
3.2516
3.1652
3.0492
2.8591
2.7255
2.6334
2.5413
2.4493
2.3687
2.2945
2.1291
1.9571
1.7852
1.6132
13.348
11.132
8.915
6.7027
4.5144
2.3262
0.95023
1.0365
1.1228
1.194
1.2537
1.3134
1.407
1.5142
1.6214
1.7112
1.7995
1.8911
2.0247
2.1583
2.3006
2.4735
2.6465
2.7912
2.8981
3.0051
3.0943
3.1734
3.2525
3.3273
3.4009
3.4746
3.5297
3.5848
3.6335
3.6442
3.6548
3.6681
3.6874
3.7067
3.6769
3.5978
3.5188
3.4222
3.3162
3.2102
3.3794
3.5945
3.8065
3.9739
4.1412
4.2539
4.1659
4.0779
3.9993
3.9334
3.8675
3.8244
3.7985
3.7725
3.7417
3.709
3.6763
3.6151
3.5518
3.4866
3.4001
3.3137
3.1976
3.0076
2.8176
2.6759
2.5838
2.4917
2.4111
2.337
2.2628
2.1055
1.9335
1.7615
13.348
11.132
8.9216
6.7333
4.5451
2.3568
0.98088
1.0671
1.1534
1.2397
1.3132
1.3729
1.4665
1.5736
1.6808
1.788
1.8794
1.9709
2.1045
2.2501
2.4231
2.596
2.769
2.9137
3.0206
3.1276
3.2345
3.3261
3.4052
3.48
3.5536
3.6273
3.7009
3.7576
3.8063
3.817
3.8309
3.8503
3.8696
3.8889
3.8591
3.7801
3.6812
3.5752
3.4692
3.3632
3.5324
3.7475
3.9626
4.1777
4.3459
4.4586
4.3706
4.2826
4.1947
4.1142
4.0483
4.0052
3.9793
3.9479
3.9152
3.8825
3.8498
3.7886
3.7215
3.6351
3.5486
3.4622
3.3461
3.1561
2.9661
2.7761
2.6262
2.5341
2.4536
2.3794
2.3052
2.2311
2.0819
1.9099
13.348
11.14
8.9522
6.764
4.5757
2.3875
1.0115
1.0978
1.1841
1.2703
1.3566
1.4323
1.5259
1.6331
1.7402
1.8474
1.9546
2.0508
2.1996
2.3726
2.5456
2.7185
2.8915
3.0362
3.1431
3.2501
3.357
3.464
3.5579
3.6327
3.7063
3.78
3.8536
3.9273
3.9792
3.9938
4.0132
4.0325
4.0518
4.0712
4.0413
3.9403
3.8342
3.7282
3.6222
3.5162
3.6854
3.9005
4.1156
4.3307
4.5458
4.6633
4.5753
4.4874
4.3994
4.3114
4.2291
4.186
4.1541
4.1214
4.0887
4.056
4.0233
3.9565
3.87
3.7836
3.6971
3.6106
3.4946
3.3046
3.1146
2.9246
2.7345
2.5765
2.496
2.4218
2.3477
2.2735
2.1994
2.0583
13.348
11.16
8.9716
6.7833
4.5951
2.4068
1.055
1.1424
1.2287
1.3149
1.4012
1.4875
1.5887
1.6958
1.803
1.9102
2.0174
2.1605
2.3331
2.5061
2.679
2.852
3.025
3.1697
3.2766
3.3836
3.4905
3.5975
3.7115
3.8004
3.874
3.9477
4.0213
4.095
4.1707
4.1901
4.2094
4.2287
4.2481
4.2674
4.226
4.12
4.014
3.908
3.802
3.6888
3.854
4.0691
4.2842
4.4993
4.7144
4.8826
4.7892
4.7012
4.6133
4.5253
4.4373
4.3809
4.3482
4.3155
4.2828
4.2501
4.2146
4.1314
4.045
3.9585
3.872
3.7856
3.6431
3.4476
3.2575
3.0675
2.8775
2.6875
2.572
2.4978
2.4237
2.3495
2.2753
2.2155
13.348
11.16
8.9716
6.7833
4.5951
2.4364
1.0931
1.2074
1.2972
1.3835
1.4697
1.556
1.6572
1.7644
1.8715
1.9787
2.1294
2.3143
2.4859
2.6584
2.8313
3.0043
3.1773
3.322
3.4289
3.5359
3.6428
3.76
3.905
3.9939
4.0675
4.1412
4.2148
4.3039
4.391
4.4104
4.4297
4.449
4.4684
4.4925
4.4516
4.3456
4.2396
4.1336
4.0181
3.884
4.0492
4.2643
4.4794
4.6945
4.9521
5.1438
5.0266
4.9308
4.8429
4.7549
4.6669
4.6105
4.5778
4.5451
4.5124
4.4762
4.435
4.3517
4.2653
4.1788
4.0924
3.9818
3.8294
3.5906
3.391
3.201
3.011
2.821
2.7055
2.6313
2.5572
2.483
2.4262
2.3879
13.348
11.16
8.9716
6.7833
4.6275
2.4745
1.1312
1.2455
1.3599
1.452
1.5382
1.6245
1.7257
1.8329
1.9401
2.0973
2.2831
2.468
2.6397
2.8113
2.9837
3.1566
3.3296
3.4743
3.5812
3.6882
3.8085
3.9535
4.0985
4.1874
4.261
4.3347
4.4258
4.5242
4.6113
4.6306
4.65
4.6696
4.6939
4.7181
4.6773
4.5713
4.4652
4.3474
4.2133
4.0793
4.2445
4.4596
4.6747
4.9373
5.2133
5.4051
5.2879
5.1707
5.0724
4.9845
4.8965
4.8401
4.8074
4.7747
4.7378
4.6965
4.6553
4.5721
4.4856
4.3991
4.286
4.1681
4.0157
3.7769
3.5382
3.3345
3.1445
2.9545
2.839
2.7648
2.6907
2.6368
2.5986
2.5603
13.348
11.16
8.9718
6.8187
4.6657
2.5126
1.1693
1.2837
1.398
1.5123
1.6068
1.693
1.7942
1.9014
2.0652
2.251
2.4369
2.6217
2.7934
2.965
3.1367
3.3089
3.4819
3.6266
3.7335
3.857
4.002
4.147
4.292
4.3809
4.4546
4.5478
4.6461
4.7445
4.8316
4.8509
4.871
4.8952
4.9195
4.9438
4.9029
4.7969
4.6767
4.5426
4.4086
4.2745
4.4398
4.6548
4.9225
5.1985
5.4746
5.6663
5.5491
5.4319
5.3147
5.2141
5.1261
5.0697
5.037
4.9994
4.9581
4.9169
4.8756
4.7924
4.7059
4.5901
4.4723
4.3544
4.202
3.9632
3.7245
3.4857
3.278
3.088
2.9725
2.8983
2.8474
2.8092
2.771
2.7327
13.348
11.163
9.0099
6.8568
4.7038
2.5507
1.2075
1.3218
1.4361
1.5505
1.6648
1.7615
1.8627
2.033
2.2189
2.4047
2.5906
2.7754
2.9471
3.1188
3.2904
3.4621
3.6342
3.7789
3.9055
4.0505
4.1955
4.3405
4.4855
4.5744
4.6697
4.768
4.8664
4.9648
5.0519
5.0723
5.0966
5.1209
5.1451
5.1694
5.1285
5.006
4.8719
4.7379
4.6038
4.4698
4.635
4.9077
5.1837
5.4598
5.7358
5.9276
5.8104
5.6932
5.576
5.4588
5.3557
5.2993
5.261
5.2197
5.1784
5.1372
5.0959
5.0122
4.8943
4.7764
4.6586
4.5407
4.3883
4.1495
3.9108
3.672
3.4332
3.2215
3.106
3.0581
3.0199
2.9816
2.9434
2.9051
12.971
10.818
8.6654
6.5123
4.3593
2.2062
1.2464
1.3607
1.475
1.5894
1.7037
1.818
1.9967
2.1825
2.3684
2.5542
2.7401
2.9249
3.0966
3.2682
3.4399
3.6116
3.7832
3.9643
4.1093
4.2543
4.3993
4.5443
4.6893
4.801
4.8994
4.9977
5.0961
5.1945
5.283
5.3074
5.3317
5.3559
5.3802
5.4044
5.3437
5.2096
5.0756
4.9415
4.8075
4.6734
4.9041
5.1802
5.4562
5.7323
6.0083
6.2001
6.0829
5.9657
5.8484
5.7312
5.614
5.5271
5.4858
5.4446
5.4033
5.362
5.3235
5.2058
5.0879
4.97
4.8522
4.7343
4.5819
4.3431
4.1044
3.8656
3.6269
3.3881
3.2679
3.2296
3.1914
3.1532
3.1149
3.0714
10.586
8.4331
6.2801
4.127
1.974
1.1912
1.2894
1.4037
1.518
1.6324
1.7467
1.8883
2.0969
2.3093
2.4952
2.681
2.8669
3.0517
3.2234
3.395
3.5667
3.7384
3.9486
4.1692
4.3681
4.513
4.658
4.803
4.948
5.0718
5.1793
5.2777
5.3761
5.4745
5.563
5.5922
5.617
5.6413
5.6655
5.6898
5.6178
5.458
5.324
5.1899
5.0559
4.9218
5.2057
5.5125
5.7885
6.0646
6.3406
6.5324
6.4152
6.298
6.1808
6.0635
5.8829
5.7762
5.7349
5.6937
5.6524
5.6162
5.6023
5.4523
5.3205
5.2027
5.0848
4.9669
4.8145
4.5758
4.337
4.0983
3.8595
3.5664
3.4349
3.3967
3.3584
3.3202
3.274
3.2046
8.2009
6.0478
3.8948
1.7417
1.145
1.2342
1.3324
1.4467
1.561
1.6768
1.8193
1.9617
2.1703
2.4054
2.6219
2.8078
2.9936
3.1785
3.3502
3.5218
3.6935
3.9085
4.1367
4.3572
4.5675
4.7718
4.9168
5.0618
5.2068
5.3305
5.4485
5.5577
5.6561
5.7544
5.8429
5.8722
5.9014
5.9267
5.9509
5.9752
5.9032
5.735
5.5723
5.4383
5.3042
5.1702
5.4541
5.8076
6.1208
6.3969
6.6729
6.8647
6.7475
6.6303
6.5131
6.3261
6.132
6.0253
5.984
5.9428
5.9088
5.895
5.8811
5.7311
5.5706
5.4353
5.3174
5.1996
5.0472
4.8084
4.5696
4.3309
4.0328
3.7334
3.6019
3.5637
3.5254
3.4767
3.4072
3.3378
5.8156
3.6625
1.5095
1.0988
1.188
1.2772
1.3754
1.4897
1.6078
1.7503
1.8927
2.0352
2.2438
2.4789
2.714
2.9346
3.1204
3.3053
3.477
3.6486
3.8683
4.0965
4.3247
4.5453
4.7555
4.9658
5.1755
5.3205
5.4655
5.5893
5.7073
5.8252
5.936
6.0344
6.1229
6.1522
6.1814
6.2106
6.2363
6.2605
6.1886
6.0203
5.8521
5.6866
5.5526
5.4185
5.7024
6.056
6.4095
6.7292
7.0052
7.197
7.0798
6.9626
6.7692
6.5752
6.3812
6.2744
6.2332
6.2015
6.1876
6.1738
6.1599
6.0099
5.8494
5.6889
5.5501
5.4322
5.2798
5.041
4.7985
4.4991
4.1998
3.9004
3.7689
3.7307
3.6793
3.6099
3.5404
3.471
3.4303
1.2772
1.0526
1.1418
1.231
1.3202
1.4184
1.5389
1.6813
1.8237
1.9662
2.1086
2.3173
2.5524
2.7875
3.0226
3.2472
3.4321
3.6037
3.8281
4.0563
4.2845
4.5128
4.7333
4.9436
5.1539
5.3641
5.5744
5.7243
5.848
5.966
6.084
6.202
6.3144
6.4029
6.4321
6.4614
6.4906
6.5199
6.5459
6.4739
6.3057
6.1375
5.9693
5.801
5.6669
5.9508
6.3043
6.6579
7.0115
7.3375
7.5293
7.4064
7.2124
7.0183
6.8243
6.6303
6.5235
6.4941
6.4803
6.4664
6.4526
6.4387
6.2887
6.1282
5.9677
5.8072
5.6648
5.5124
5.2648
4.9655
4.6661
4.3668
4.0674
3.936
3.882
3.8126
3.7431
3.6736
3.6042
1.045
1.0064
1.0956
1.1848
1.274
1.3632
1.4699
1.6123
1.7548
1.8972
2.0397
2.1821
2.3907
2.6258
2.8609
3.096
3.3311
3.5597
3.7879
4.0161
4.2444
4.4726
4.7008
4.9213
5.1316
5.3419
5.5522
5.7625
5.9728
6.1068
6.2248
6.3427
6.4607
6.5787
6.6829
6.7121
6.7413
6.7706
6.7998
6.8291
6.7593
6.5911
6.4229
6.2546
6.0864
5.9182
6.1992
6.5527
6.9063
7.2598
7.6134
7.8495
7.6555
7.4615
7.2674
7.0734
6.8794
6.7868
6.7729
6.7591
6.7452
6.7314
6.7175
6.5675
6.407
6.2465
6.086
5.9255
5.7312
5.4319
5.1325
4.8332
4.5338
4.2345
4.0847
4.0152
3.9458
3.8763
3.8068
3.7374
0.9488
1.038
1.1272
1.2165
1.3057
1.4024
1.5232
1.6656
1.8081
1.9505
2.093
2.2563
2.5167
2.7708
3.0059
3.241
3.4761
3.7107
3.939
4.1672
4.3954
4.6236
4.8859
5.1492
5.3594
5.5697
5.78
5.9903
6.2617
6.4156
6.5336
6.6516
6.7696
6.8942
7.0341
7.0663
7.0956
7.1248
7.1541
7.1833
7.1138
6.9456
6.7774
6.6092
6.4409
6.237
6.5944
6.9645
7.318
7.6716
8.0251
8.2613
8.0673
7.8733
7.6792
7.4852
7.2592
7.1451
7.1313
7.1174
7.1036
7.0898
7.0658
6.8614
6.6953
6.5348
6.3743
6.2138
6.0053
5.6843
5.385
5.0856
4.7863
4.4869
4.2768
4.1724
4.103
4.0335
3.9641
3.8946
0.97981
1.069
1.1582
1.2475
1.3458
1.4546
1.5754
1.7178
1.8603
2.0027
2.1684
2.339
2.5994
2.8957
3.1549
3.39
3.6251
3.8597
4.088
4.3162
4.5444
4.8128
5.1159
5.3792
5.5895
5.7997
6.01
6.2877
6.5734
6.7273
6.8452
6.9632
7.0912
7.249
7.3889
7.4215
7.454
7.4832
7.5124
7.5417
7.4722
7.304
7.1357
6.9675
6.7602
6.5516
6.9089
7.3606
7.7389
8.0924
8.446
8.6822
8.4882
8.2941
8.1001
7.8696
7.6219
7.5079
7.4941
7.4802
7.466
7.4415
7.417
7.2127
6.9945
6.8236
6.6631
6.5026
6.294
5.9655
5.6422
5.3428
5.0435
4.7441
4.534
4.3735
4.2615
4.1921
4.1226
4.0532
1.0108
1.1
1.1893
1.2892
1.398
1.5068
1.6276
1.7701
1.9125
2.0805
2.2511
2.4218
2.6821
2.9784
3.2747
3.539
3.7741
4.0087
4.237
4.4652
4.7398
5.0429
5.3459
5.6092
5.8195
6.0298
6.3137
6.5993
6.885
7.0389
7.1568
7.2881
7.4459
7.6037
7.7436
7.7762
7.8088
7.8414
7.8708
7.9
7.8306
7.6623
7.4921
7.2835
7.0748
6.8662
7.2235
7.6752
8.1269
8.5133
8.8668
9.103
8.909
8.715
8.48
8.2324
7.9847
7.8707
7.8569
7.8417
7.8173
7.7928
7.7683
7.5639
7.3457
7.1275
6.9518
6.7913
6.5828
6.2543
5.9258
5.6
5.3007
5.0013
4.7912
4.6307
4.4701
4.3506
4.2812
4.2117
1.0418
1.1311
1.2326
1.3414
1.4502
1.559
1.6798
1.8223
1.9926
2.1632
2.3339
2.5045
2.7649
3.0612
3.3574
3.6537
3.9231
4.1577
4.3859
4.6668
4.9698
5.2729
5.5759
5.8392
6.0541
6.3397
6.6253
6.911
7.1966
7.3505
7.4851
7.6429
7.8007
7.9584
8.0983
8.1309
8.1635
8.1961
8.2287
8.2584
8.1889
8.0154
7.8067
7.5981
7.3894
7.1807
7.5381
7.9898
8.4414
8.8931
9.2876
9.5239
9.3298
9.0904
8.8428
8.5952
8.3475
8.2335
8.2175
8.193
8.1685
8.1441
8.1196
7.9152
7.697
7.4788
7.2606
7.0801
6.8716
6.5431
6.2146
5.8861
5.5579
5.2585
5.0484
4.8878
4.7273
4.5668
4.4397
4.3703
1.0729
1.1761
1.2848
1.3936
1.5024
1.6112
1.734
1.9047
2.0753
2.2459
2.4166
2.5872
2.8476
3.1439
3.4402
3.7365
4.0327
4.3067
4.5938
4.8968
5.1999
5.5029
5.806
6.0801
6.3657
6.6513
6.937
7.2226
7.5082
7.6821
7.8398
7.9976
8.1554
8.3132
8.4531
8.4857
8.5183
8.5509
8.5835
8.6161
8.5386
8.3299
8.1213
7.9126
7.704
7.4953
7.8527
8.3043
8.756
9.2077
9.6594
9.9447
9.7009
9.4532
9.2056
8.9579
8.7103
8.5932
8.5687
8.5443
8.5198
8.4953
8.4708
8.2665
8.0483
7.8301
7.6119
7.3937
7.1604
6.8319
6.5034
6.1748
5.8463
5.5178
5.3056
5.145
4.9845
4.824
4.6634
4.5288
1.0959
1.2047
1.3135
1.4223
1.5311
1.6446
1.795
1.9657
2.1363
2.3069
2.4775
2.6666
2.9895
3.2919
3.5882
3.8845
4.1807
4.4845
4.859
5.162
5.4651
5.7681
6.0711
6.4115
6.7358
7.0214
7.3071
7.5927
7.8783
8.1048
8.2632
8.421
8.5788
8.7366
8.8765
8.9091
8.9417
8.9743
9.0069
9.0387
8.9495
8.7408
8.5322
8.3235
8.1149
7.8765
8.2274
8.6791
9.1307
9.5824
10.036
10.422
10.143
9.8949
9.6473
9.3996
9.152
9.0328
9.0087
8.9842
8.9597
8.9353
8.9108
8.7064
8.4882
8.27
8.0518
7.8103
7.3616
7.0331
6.7045
6.376
6.0475
5.8261
5.5453
5.3492
5.1887
5.0281
4.8676
4.7071
1.1161
1.2249
1.3337
1.4425
1.5585
1.6978
1.8482
2.0188
2.1895
2.3601
2.5521
2.7587
3.0816
3.451
3.7595
4.0558
4.3521
4.6558
5.0572
5.4398
5.7428
6.0458
6.3489
6.6893
7.0795
7.4124
7.6981
7.9837
8.2693
8.4958
8.7061
8.8689
9.0267
9.1845
9.3244
9.357
9.3896
9.4222
9.4538
9.484
9.3947
9.1861
8.9774
8.7688
8.5267
8.2727
8.6236
9.0753
9.5269
9.9904
10.565
10.952
10.649
10.365
10.117
9.8695
9.6219
9.5027
9.4798
9.4558
9.4314
9.4069
9.3824
9.178
8.9598
8.7416
8.477
7.9802
7.5315
7.2029
6.8744
6.5459
6.3446
6.2591
5.9782
5.5889
5.3739
5.2134
5.0529
4.8923
1.1364
1.2452
1.3539
1.4725
1.6117
1.751
1.9014
2.072
2.2427
2.4377
2.6443
2.8509
3.1737
3.5431
3.9125
4.2271
4.5234
4.8272
5.2285
5.6298
6.0205
6.3236
6.6266
6.967
7.3572
7.7474
8.0891
8.3747
8.6603
8.8868
9.0971
9.3075
9.4746
9.6324
9.7723
9.8049
9.8375
9.869
9.8991
9.9292
9.84
9.6313
9.4227
9.1768
8.9229
8.6689
9.0198
9.4715
9.9451
10.52
11.095
11.482
11.179
10.876
10.587
10.339
10.092
9.9726
9.9497
9.9268
9.903
9.8785
9.854
9.6497
9.4315
9.1437
8.6469
8.1501
7.7014
7.3728
7.0443
6.8632
6.7776
6.692
6.4112
6.0219
5.6326
5.3987
5.2381
5.0776
1.1566
1.2654
1.3865
1.5257
1.6649
1.8042
1.9546
2.1252
2.3232
2.5298
2.7364
2.943
3.2659
3.6353
4.0047
4.3741
4.6947
4.9985
5.3998
5.8011
6.2024
6.6013
6.9044
7.2448
7.635
8.0252
8.4154
8.7657
9.0513
9.2778
9.4881
9.6985
9.9088
10.08
10.22
10.253
10.284
10.314
10.344
10.375
10.285
10.077
9.827
9.573
9.3191
9.0651
9.416
9.8999
10.475
11.05
11.625
12.012
11.709
11.406
11.103
10.809
10.562
10.442
10.42
10.397
10.374
10.35
10.326
10.121
9.8104
9.3136
8.8168
8.32
7.8712
7.5427
7.3818
7.2962
7.2106
7.125
6.8442
6.4549
6.0656
5.6763
5.4234
5.2628
1.1768
1.3004
1.4397
1.5789
1.7181
1.8574
2.0078
2.2088
2.4154
2.622
2.8285
3.0351
3.358
3.7274
4.0968
4.4662
4.8356
5.1698
5.5711
5.9724
6.3737
6.775
7.1764
7.5225
7.9127
8.3029
8.6931
9.0833
9.4423
9.6688
9.8791
10.089
10.3
10.51
10.668
10.699
10.729
10.759
10.79
10.82
10.731
10.477
10.223
9.9692
9.7153
9.4613
9.8547
10.43
11.005
11.58
12.155
12.542
12.239
11.936
11.633
11.33
11.032
10.912
10.889
10.867
10.844
10.821
10.797
10.477
9.9803
9.4835
8.9867
8.4898
8.0411
7.9003
7.8147
7.7292
7.6436
7.558
7.2772
6.8879
6.4986
6.1093
5.72
5.4481
1.201
1.3402
1.4794
1.6187
1.7579
1.8971
2.0884
2.3041
2.5107
2.7173
2.9239
3.1305
3.4533
3.8227
4.1921
4.5615
4.931
5.301
5.7023
6.1036
6.5049
6.9063
7.3076
7.8902
8.3012
8.6914
9.0816
9.4718
9.862
10.111
10.321
10.532
10.742
10.952
11.177
11.207
11.237
11.267
11.297
11.326
11.205
10.951
10.697
10.443
10.189
9.9161
10.454
11.029
11.604
12.179
12.754
13.141
12.838
12.535
12.232
11.929
11.656
11.604
11.581
11.559
11.536
11.513
11.333
10.782
10.285
9.7885
9.2917
8.7949
8.4156
8.33
8.2444
8.1589
8.0733
7.9685
7.4889
7.0997
6.7104
6.3211
5.9318
5.5425
1.2286
1.3678
1.5071
1.6463
1.7858
1.9472
2.1401
2.3896
2.6089
2.8155
3.0221
3.2287
3.5516
3.921
4.2904
4.6598
5.0271
5.3961
5.7974
6.1987
6.6001
7.019
7.6363
8.2192
8.7564
9.1796
9.5698
9.96
10.35
10.599
10.809
11.02
11.23
11.496
11.74
11.771
11.801
11.831
11.858
11.87
11.749
11.495
11.241
10.987
10.71
10.411
10.993
11.69
12.265
12.84
13.415
13.802
13.499
13.196
12.893
12.638
12.548
12.496
12.473
12.451
12.428
12.222
11.885
11.293
10.712
10.215
9.7185
9.2217
8.8424
8.7568
8.6712
8.5856
8.4733
8.2974
7.7966
7.1153
6.7231
6.3338
5.9445
5.5552
1.2562
1.3955
1.5347
1.676
1.8374
1.9988
2.1917
2.4413
2.6909
2.9138
3.1203
3.3269
3.6498
4.0192
4.3886
4.7557
5.1222
5.4912
5.8925
6.2939
6.7307
7.348
7.9653
8.5482
9.0854
9.6226
10.058
10.448
10.838
11.087
11.298
11.508
11.78
12.06
12.304
12.334
12.364
12.39
12.402
12.414
12.293
12.039
11.785
11.505
11.206
10.907
11.489
12.217
12.927
13.502
14.077
14.464
14.161
13.858
13.62
13.53
13.44
13.388
13.365
13.342
13.111
12.774
12.437
11.845
11.232
10.642
10.145
9.6484
9.2691
9.1835
9.0979
8.9781
8.8022
8.6263
8.1255
7.4442
6.7629
6.3465
5.9572
5.5679
1.2839
1.4231
1.5663
1.7277
1.8891
2.0505
2.2434
2.493
2.7426
2.9921
3.2186
3.4252
3.748
4.1174
4.4843
4.8508
5.2173
5.5863
5.9876
6.4424
7.0597
7.677
8.2943
8.8772
9.4144
9.9516
10.489
10.936
11.327
11.575
11.786
12.063
12.343
12.624
12.868
12.898
12.922
12.934
12.946
12.958
12.837
12.583
12.299
12
11.701
11.402
11.984
12.712
13.441
14.163
14.738
15.125
14.822
14.602
14.512
14.422
14.332
14.28
14.257
14
13.663
13.326
12.989
12.397
11.784
11.172
10.572
10.075
9.6958
9.6103
9.483
9.3071
9.1311
8.9552
8.4544
7.7731
7.0918
6.4106
5.9699
5.5806
1.3115
1.4565
1.6179
1.7793
1.9407
2.1022
2.2951
2.5446
2.7942
3.0438
3.2934
3.5234
3.8463
4.2129
4.5794
4.9459
5.3124
5.6814
6.1541
6.7714
7.3887
8.006
8.6233
9.2063
9.7434
10.281
10.818
11.355
11.815
12.067
12.347
12.627
12.907
13.187
13.432
13.455
13.466
13.478
13.49
13.502
13.381
13.093
12.794
12.495
12.196
11.897
12.479
13.208
13.936
14.665
15.393
15.787
15.585
15.494
15.404
15.314
15.224
15.172
14.889
14.552
14.215
13.878
13.541
12.948
12.336
11.724
11.111
10.502
10.123
9.9878
9.8119
9.636
9.4601
9.2841
8.7833
8.1021
7.4208
6.7395
6.0582
5.5933
1.3388
1.5002
1.6617
1.8231
1.9845
2.1459
2.362
2.6115
2.8611
3.1107
3.3603
3.6099
3.943
4.3095
4.676
5.0426
5.4091
5.8234
6.4407
7.058
7.6753
8.2925
8.9098
9.5509
10.088
10.625
11.162
11.7
12.263
12.643
12.924
13.204
13.484
13.764
14.037
14.031
14.043
14.055
14.067
14.079
13.935
13.636
13.337
13.038
12.739
12.436
13.015
13.744
14.472
15.201
15.929
16.525
16.404
16.313
16.223
16.133
16.043
15.817
15.48
15.143
14.807
14.47
14.133
13.54
12.928
12.315
11.703
11.091
10.555
10.379
10.203
10.027
9.8514
9.6755
9.0814
8.4001
7.7188
7.0375
6.3562
5.6749
1.3654
1.5268
1.6882
1.8496
2.011
2.1897
2.4131
2.7084
2.9611
3.2106
3.4602
3.7098
4.0429
4.4094
4.776
5.1425
5.5523
6.0179
6.6352
7.2525
7.8698
8.487
9.2493
9.9292
10.466
11.004
11.541
12.122
12.868
13.248
13.528
13.808
14.089
14.443
14.785
14.704
14.689
14.701
14.713
14.725
14.582
14.283
13.984
13.685
13.38
13.061
13.64
14.368
15.097
15.825
16.73
17.447
17.116
16.975
16.884
16.794
16.704
16.482
16.158
15.821
15.485
15.148
14.811
14.218
13.606
12.993
12.381
11.669
11.082
10.906
10.73
10.554
10.369
10.06
9.4219
8.6311
7.9498
7.2685
6.5872
5.9059
1.3919
1.5533
1.7148
1.8762
2.0567
2.2402
2.4636
2.7589
3.0541
3.3106
3.5601
3.8097
4.1428
4.5094
4.8759
5.293
5.7468
6.2124
6.8297
7.447
8.0642
8.8405
9.6276
10.308
10.845
11.382
11.98
12.727
13.473
13.853
14.133
14.413
14.779
15.19
15.532
15.451
15.37
15.348
15.36
15.372
15.228
14.929
14.63
14.324
14.005
13.685
14.264
14.992
15.721
16.648
17.652
18.37
18.038
17.707
17.546
17.455
17.365
17.143
16.822
16.499
16.163
15.826
15.489
14.896
14.284
13.671
12.948
12.196
11.609
11.433
11.257
11.061
10.752
10.443
9.8045
8.9832
8.1808
7.4996
6.8183
6.137
1.4185
1.5799
1.7413
1.9237
2.1072
2.2907
2.5141
2.8094
3.1046
3.3998
3.6601
3.9097
4.2428
4.6093
5.0337
5.4875
5.9413
6.4069
7.0242
7.6448
8.4318
9.2189
10.006
10.686
11.223
11.839
12.585
13.331
14.078
14.458
14.738
15.114
15.526
15.937
16.279
16.198
16.117
16.036
16.006
16.018
15.875
15.576
15.268
14.948
14.629
14.309
14.888
15.617
16.567
17.571
18.575
19.292
18.961
18.629
18.298
18.117
18.026
17.804
17.483
17.162
16.84
16.504
16.167
15.574
14.962
14.227
13.475
12.723
12.135
11.959
11.752
11.443
11.134
10.825
10.187
9.3659
8.5446
7.7306
7.0493
6.368
1.445
1.6071
1.7906
1.9742
2.1577
2.3412
2.5646
2.8599
3.1551
3.4503
3.7455
4.0096
4.3427
4.7743
5.2281
5.682
6.1358
6.6014
7.2361
8.0231
8.8102
9.5973
10.384
11.064
11.698
12.444
13.19
13.936
14.682
15.062
15.45
15.861
16.273
16.684
17.026
16.945
16.864
16.783
16.702
16.665
16.521
16.211
15.892
15.573
15.253
14.934
15.513
16.486
17.49
18.493
19.497
20.215
19.883
19.552
19.22
18.889
18.688
18.465
18.144
17.823
17.501
17.18
16.845
16.252
15.506
14.754
14.002
13.249
12.662
12.444
12.135
11.826
11.517
11.208
10.57
9.7485
8.9272
8.106
7.2847
6.599
1.4716
1.6551
1.8386
2.0221
2.2057
2.3892
2.6199
2.9151
3.2103
3.5055
3.8008
4.096
4.5045
4.9584
5.4122
5.8661
6.3199
6.8095
7.5974
8.3845
9.1715
9.9586
10.746
11.515
12.261
13.008
13.754
14.5
15.246
15.802
16.213
16.625
17.036
17.448
17.789
17.708
17.627
17.546
17.465
17.384
17.175
16.855
16.536
16.216
15.897
15.578
16.392
17.396
18.4
19.404
20.408
21.133
20.801
20.47
20.138
19.807
19.475
19.162
18.84
18.519
18.198
17.876
17.548
16.815
16.063
15.311
14.559
13.807
13.162
12.853
12.545
12.236
11.927
11.618
10.958
10.137
9.3156
8.4944
7.6731
6.8354
1.498
1.6815
1.8651
2.0486
2.2321
2.426
2.6774
3.0104
3.3056
3.6008
3.8961
4.1913
4.5998
5.0537
5.5075
5.9614
6.4403
7.006
7.8118
8.6012
9.3882
10.175
10.962
11.732
12.478
13.224
13.971
14.717
15.936
16.64
17.114
17.525
17.937
18.348
18.69
18.609
18.528
18.447
18.366
18.175
17.933
17.664
17.345
17.026
16.706
16.387
17.202
18.206
19.209
20.213
21.244
22.012
21.68
21.349
21.017
20.686
20.435
20.155
19.834
19.512
19.191
18.85
18.368
17.635
16.883
16.131
15.379
14.546
13.801
13.492
13.183
12.874
12.565
12.1
11.396
10.574
9.753
8.9317
8.082
7.1167
1.5245
1.708
1.8915
2.0751
2.2705
2.4726
2.7241
3.0642
3.4009
3.6961
3.9914
4.2866
4.6951
5.149
5.6028
6.0895
6.6368
7.2025
8.0082
8.814
9.605
10.392
11.179
11.949
12.695
13.441
14.219
15.446
16.673
17.378
17.94
18.426
18.837
19.249
19.59
19.509
19.428
19.347
19.144
18.905
18.663
18.417
18.154
17.835
17.516
17.196
18.011
19.015
20.019
21.054
22.123
22.891
22.559
22.228
21.896
21.655
21.429
21.149
20.827
20.506
20.151
19.669
19.188
18.455
17.703
16.951
16.104
15.184
14.439
14.13
13.821
13.512
13.032
12.538
11.833
11.012
10.19
9.3287
8.3633
7.398
1.5509
1.7345
1.918
2.1149
2.3171
2.5193
2.7707
3.1109
3.451
3.7912
4.0867
4.3819
4.7904
5.2443
5.7387
6.286
6.8333
7.399
8.2047
9.0105
9.8162
10.609
11.396
12.165
12.912
13.729
14.957
16.184
17.411
18.116
18.678
19.24
19.738
20.15
20.491
20.41
20.329
20.112
19.874
19.635
19.393
19.147
18.9
18.644
18.325
18.005
18.82
19.824
20.865
21.933
23.002
23.77
23.438
23.107
22.874
22.648
22.422
22.142
21.821
21.453
20.971
20.489
20.007
19.275
18.523
17.662
16.742
15.823
15.078
14.769
14.459
13.964
13.469
12.975
12.27
11.449
10.575
9.61
8.6447
7.6793
1.5774
1.7609
1.9594
2.1616
2.3637
2.5659
2.8173
3.1575
3.4977
3.8378
4.178
4.4772
4.8857
5.3879
5.9352
6.4825
7.0297
7.5955
8.4012
9.207
10.013
10.818
11.613
12.382
13.24
14.467
15.694
16.922
18.149
18.853
19.415
19.977
20.539
21.05
21.391
21.31
21.081
20.842
20.604
20.365
20.123
19.877
19.63
19.384
19.134
18.815
19.63
20.676
21.744
22.812
23.881
24.649
24.319
24.093
23.868
23.642
23.416
23.136
22.754
22.272
21.791
21.309
20.827
20.094
19.22
18.3
17.381
16.461
15.716
15.391
14.896
14.401
13.907
13.412
12.708
11.822
10.857
9.8913
8.926
7.9606
1.6038
1.8039
2.0061
2.2082
2.4104
2.6125
2.864
3.2041
3.5443
3.8845
4.2246
4.5648
5.0371
5.5844
6.1317
6.679
7.2262
7.792
8.5977
9.4035
10.209
11.015
11.821
12.75
13.977
15.205
16.432
17.659
18.887
19.591
20.153
20.715
21.277
21.839
22.287
22.049
21.811
21.572
21.334
21.095
20.853
20.607
20.36
20.114
19.868
19.622
20.487
21.555
22.623
23.691
24.76
25.539
25.313
25.087
24.861
24.635
24.409
24.056
23.574
23.092
22.61
22.129
21.647
20.778
19.858
18.939
18.019
17.099
16.322
15.828
15.333
14.839
14.344
13.85
13.069
12.103
11.138
10.173
9.2073
8.2419
1.6239
1.8447
2.0469
2.249
2.4512
2.6533
2.9194
3.2846
3.6247
3.9649
4.305
4.6452
5.1967
5.7666
6.3139
6.8612
7.4085
7.9742
8.78
9.5857
10.391
11.197
12.084
13.225
14.501
15.728
16.956
18.183
19.41
20.115
20.677
21.239
21.801
22.43
23.394
23.155
22.917
22.678
22.44
21.984
21.635
21.507
21.261
21.015
20.769
20.523
21.403
22.471
23.54
24.608
25.712
26.655
26.429
26.203
25.977
25.752
25.588
25.266
24.784
24.303
23.821
23.339
22.497
21.58
20.66
19.741
18.821
17.973
17.376
16.881
16.387
15.892
15.398
14.339
13.212
12.247
11.281
10.316
9.3505
8.5523
1.6433
1.8646
2.086
2.2891
2.4913
2.6935
2.9595
3.3406
3.7091
4.0493
4.3894
4.7296
5.2811
5.9172
6.4945
7.0418
7.589
8.1548
8.9605
9.7663
10.572
11.476
12.485
13.627
14.944
16.227
17.454
18.681
19.908
20.613
21.175
21.737
22.416
23.58
24.544
24.306
24.067
23.829
23.334
22.631
22.283
22.289
22.182
21.936
21.69
21.444
22.324
23.392
24.461
25.58
26.842
27.786
27.56
27.334
27.108
26.955
26.845
26.523
26.041
25.559
25.077
24.202
23.318
22.401
21.482
20.562
19.738
19.099
18.502
18.007
17.513
17.018
15.883
14.466
13.339
12.374
11.408
10.452
9.659
8.8662
1.6626
1.8839
2.1053
2.3266
2.5314
2.7336
2.9996
3.3807
3.7617
4.1337
4.4738
4.814
5.3655
6.0016
6.6377
7.2223
7.7696
8.3353
9.1411
9.9468
10.868
11.877
12.887
14.028
15.345
16.662
17.952
19.18
20.407
21.111
21.673
22.403
23.567
24.731
25.695
25.456
25.218
24.685
23.982
23.279
22.931
22.937
22.943
22.857
22.611
22.365
23.245
24.313
25.449
26.711
27.973
28.916
28.69
28.465
28.321
28.211
28.101
27.779
27.297
26.79
25.907
25.023
24.14
23.223
22.303
21.502
20.864
20.225
19.628
19.134
18.639
17.427
16.01
14.593
13.466
12.5
11.558
10.766
9.9728
9.18
1.6819
1.9033
2.1246
2.346
2.5673
2.7737
3.0397
3.4208
3.8018
4.1829
4.5582
4.8984
5.4499
6.086
6.7221
7.3582
7.9502
8.5159
9.3216
10.259
11.269
12.279
13.288
14.43
15.747
17.063
18.38
19.678
20.905
21.61
22.389
23.553
24.717
25.882
26.845
26.607
26.035
25.332
24.63
23.927
23.578
23.585
23.591
23.597
23.532
23.285
24.166
25.318
26.58
27.842
29.104
30.047
29.821
29.687
29.577
29.467
29.358
29.035
28.495
27.611
26.728
25.845
24.961
24.044
23.266
22.628
21.99
21.351
20.754
20.26
18.971
17.554
16.137
14.72
13.593
12.665
11.872
11.079
10.287
9.4939
1.7013
1.9226
2.144
2.3653
2.5867
2.808
3.0798
3.4609
3.8419
4.223
4.604
4.9828
5.5343
6.1704
6.8065
7.4426
8.0786
8.6965
9.651
10.661
11.67
12.68
13.69
14.831
16.148
17.465
18.781
20.098
21.404
22.375
23.54
24.704
25.868
27.032
27.996
27.386
26.683
25.98
25.277
24.574
24.226
24.232
24.238
24.244
24.251
24.206
25.187
26.449
27.711
28.973
30.235
31.178
31.053
30.943
30.834
30.724
30.614
30.2
29.316
28.433
27.549
26.666
25.783
25.031
24.392
23.754
23.116
22.477
21.88
20.515
19.098
17.681
16.264
14.846
13.772
12.979
12.186
11.393
10.6
9.8077
1.7168
1.9382
2.1595
2.3809
2.6022
2.8249
3.1231
3.5161
3.8971
4.2782
4.6592
5.0403
5.6035
6.2395
6.8756
7.5117
8.1478
8.8804
10.016
11.026
12.036
13.045
14.055
15.413
16.888
18.205
19.522
20.839
22.155
23.32
24.484
25.648
26.813
27.977
28.854
28.064
27.362
26.659
25.956
25.253
24.905
24.911
24.917
24.923
24.929
25.132
26.704
27.966
29.228
30.49
31.752
32.696
32.528
32.419
32.309
32.199
32.089
31.188
30.202
29.318
28.435
27.552
26.668
25.962
25.324
24.686
24.047
23.409
22.548
21.131
19.714
18.297
16.88
15.373
14.186
13.379
12.587
11.794
11.001
10.208
1.7307
1.952
2.1734
2.3947
2.6185
2.8534
3.1516
3.5637
3.9592
4.3403
4.7213
5.1024
5.6656
6.3017
6.9378
7.5738
8.2781
9.025
10.223
11.374
12.384
13.394
14.403
15.762
17.585
19.102
20.419
21.735
23.052
24.215
25.335
26.498
27.662
28.826
29.703
28.856
28.055
27.352
26.649
25.946
25.598
25.604
25.61
25.616
25.846
26.18
27.822
29.662
30.924
32.186
33.448
34.392
34.172
33.995
33.885
33.775
33.665
32.765
31.271
30.233
29.35
28.467
27.583
26.865
26.166
25.527
24.889
24.251
23.39
21.973
20.556
19.139
17.613
15.962
14.775
13.845
13.027
12.234
11.441
10.649
1.7445
1.9659
2.1872
2.4122
2.6471
2.882
3.1801
3.5922
4.0043
4.4024
4.7835
5.1645
5.7277
6.3638
6.9999
7.7105
8.4227
9.1696
10.367
11.565
12.732
13.742
14.752
16.11
17.933
19.757
21.316
22.632
23.949
25.112
26.232
27.353
28.512
29.676
30.553
29.705
28.858
28.045
27.342
26.639
26.291
26.297
26.303
26.56
26.894
27.229
28.871
30.73
32.59
33.882
35.144
36.088
35.868
35.648
35.461
35.351
35.242
34.341
32.847
31.353
30.265
29.382
28.498
27.78
27.074
26.369
25.731
25.092
24.232
22.815
21.397
19.852
18.202
16.552
15.364
14.434
13.504
12.674
11.882
11.089
1.7584
1.9797
2.2058
2.4407
2.6756
2.9105
3.2087
3.6207
4.0328
4.4449
4.8456
5.2266
5.7898
6.4306
7.1428
7.8551
8.5673
9.3142
10.512
11.71
12.908
14.09
15.1
16.458
18.282
20.105
21.928
23.529
24.846
26.008
27.129
28.25
29.37
30.525
31.402
30.555
29.708
28.86
28.035
27.332
26.984
26.99
27.274
27.609
27.943
28.277
29.919
31.779
33.638
35.498
36.839
37.784
37.564
37.343
37.123
36.928
36.818
35.917
34.423
32.929
31.435
30.297
29.413
28.695
27.989
27.283
26.577
25.934
25.073
23.656
22.092
20.441
18.791
17.141
15.953
15.023
14.093
13.163
12.322
11.529
1.7722
1.9994
2.2343
2.4692
2.7041
2.939
3.2372
3.6493
4.0613
4.4734
4.8855
5.2887
5.863
6.5752
7.2874
7.9996
8.7119
9.4588
10.657
11.854
13.052
14.25
15.448
16.807
18.63
20.453
22.276
24.1
25.743
26.905
28.026
29.146
30.267
31.388
32.252
31.404
30.557
29.71
28.862
28.025
27.677
27.988
28.323
28.657
28.991
29.326
30.968
32.827
34.687
36.547
38.406
39.48
39.259
39.039
38.819
38.599
38.394
37.493
36
34.506
33.012
31.518
30.328
29.61
28.904
28.198
27.492
26.786
25.915
24.331
22.681
21.031
19.38
17.73
16.543
15.612
14.682
13.752
12.822
11.97
1.783
2.0179
2.2528
2.4877
2.7226
2.9575
3.2655
3.6803
4.0924
4.5044
4.9165
5.3286
5.9772
6.6894
7.4016
8.1139
8.8261
9.573
10.771
11.969
13.167
14.364
15.562
17.094
18.917
20.74
22.564
24.387
26.347
28.282
29.403
30.523
31.644
32.764
33.604
32.757
31.909
31.062
30.214
29.35
28.44
28.775
29.109
29.444
29.778
30.333
32.06
33.92
35.78
37.639
39.499
40.808
40.588
40.368
40.147
39.927
39.806
39.363
37.869
36.375
34.881
33.387
31.449
30.488
29.782
29.076
28.37
27.665
26.689
25.038
23.388
21.738
20.088
18.441
17.015
16.085
15.155
14.224
13.294
12.364
1.7903
2.0252
2.2601
2.495
2.7299
2.9717
3.2807
3.71
4.1262
4.5382
4.9503
5.3624
6.0197
6.7699
7.4822
8.1944
8.9066
9.6535
10.851
12.049
13.247
14.448
15.774
17.313
19.137
20.96
22.783
24.781
27.063
29.299
31.313
32.434
33.554
34.675
35.514
34.667
33.819
32.972
31.999
29.846
28.936
29.27
29.605
29.939
30.544
31.475
33.202
35.061
36.921
38.781
40.475
41.729
41.508
41.288
41.068
41.045
42.001
41.557
40.063
38.569
37.076
35.054
32.554
31.491
30.621
29.915
29.209
28.503
27.527
25.877
24.227
22.577
20.932
19.306
17.817
16.427
15.497
14.567
13.637
12.706
1.7976
2.0325
2.2674
2.5026
2.7448
2.9869
3.2959
3.7252
4.1544
4.572
4.9841
5.3962
6.0535
6.8088
7.5627
8.2749
8.9871
9.734
10.932
12.13
13.341
14.667
15.994
17.533
19.356
21.179
23.216
25.497
27.779
30.015
32.238
34.344
35.464
36.585
37.425
36.577
35.73
34.649
32.495
30.341
29.432
29.766
30.1
30.754
31.685
32.616
34.343
36.203
38.062
39.74
41.395
42.649
42.429
42.209
42.283
43.239
44.196
43.752
42.258
40.764
38.659
36.159
33.658
32.596
31.644
30.754
30.048
29.342
28.366
26.716
25.065
23.423
21.797
20.171
18.682
17.27
15.857
14.91
13.979
13.049
1.805
2.0399
2.2756
2.5178
2.7599
3.0021
3.3111
3.7403
4.1696
4.5989
5.0179
5.43
6.0873
6.8426
7.598
8.3533
9.0676
9.8145
11.012
12.235
13.561
14.887
16.213
17.752
19.575
21.65
23.932
26.214
28.495
30.731
32.955
35.178
37.375
38.495
39.335
38.487
37.298
35.144
32.99
30.837
29.927
30.261
30.965
31.896
32.827
33.758
35.485
37.344
39.005
40.66
42.316
43.569
43.349
43.521
44.478
45.434
46.39
45.947
44.453
42.264
39.764
37.264
34.763
33.701
32.749
31.797
30.886
30.18
29.205
27.554
25.914
24.288
22.662
21.036
19.547
18.135
16.722
15.31
14.322
13.392
1.8123
2.0486
2.2908
2.533
2.7751
3.0173
3.3263
3.7555
4.1848
4.614
5.0433
5.4638
6.121
6.8764
7.6318
8.3871
9.1425
9.895
11.128
12.454
13.78
15.106
16.432
17.971
20.084
22.366
24.648
26.93
29.212
31.447
33.671
35.894
38.117
40.34
41.245
39.947
37.794
35.64
33.486
31.332
30.423
31.176
32.107
33.037
33.968
34.899
36.614
38.27
39.925
41.581
43.236
44.49
44.759
45.716
46.672
47.629
48.585
48.141
45.869
43.369
40.869
38.368
35.868
34.806
33.854
32.902
31.95
31.019
30.043
28.405
26.779
25.153
23.527
21.901
20.412
19
17.587
16.175
14.762
13.734
1.8172
2.0594
2.3015
2.5437
2.7859
3.028
3.3375
3.7668
4.1961
4.6253
5.0546
5.4838
6.1462
6.9016
7.6569
8.4123
9.1676
9.965
11.293
12.619
13.945
15.271
16.597
18.352
20.634
22.916
25.198
27.48
29.762
32.058
34.281
36.504
38.728
40.951
42.549
40.395
38.241
36.088
33.934
31.78
31.22
32.151
33.082
34.013
34.943
35.874
37.426
39.082
40.737
42.393
44.048
46.079
47.328
48.284
49.241
50.197
51.153
50.135
47.634
45.134
42.634
40.134
37.042
35.822
34.87
33.918
32.967
32.015
30.849
29.223
27.597
25.971
24.345
22.72
21.231
19.818
18.406
16.993
15.581
14.07
1.8155
2.0577
2.2998
2.542
2.7842
3.0277
3.3379
3.7671
4.1964
4.6256
5.0549
5.4848
6.1472
6.9025
7.6579
8.4132
9.1695
9.9682
11.303
12.632
13.958
15.284
16.61
18.375
20.721
23.003
25.284
27.566
29.848
32.25
34.596
36.819
39.043
41.266
42.864
40.71
38.556
36.403
34.249
31.856
31.335
32.66
33.591
34.521
35.452
36.383
37.935
39.591
41.246
42.902
43.819
45.214
50.306
51.899
52.855
53.811
54.768
53.749
51.249
48.749
46.248
42.927
37.659
36.529
35.639
34.687
33.735
32.784
31.618
29.918
28.286
26.66
25.034
23.408
21.919
20.507
19.094
17.682
16.143
14.386
1.8138
2.056
2.2981
2.5403
2.784
3.028
3.3382
3.7674
4.1967
4.6261
5.0559
5.4857
6.1481
6.9035
7.6588
8.4153
9.1727
9.9714
11.306
12.641
13.971
15.297
16.623
18.388
20.738
23.087
25.371
27.653
29.935
32.336
34.77
37.134
39.357
41.581
43.179
41.025
38.871
36.717
34.302
31.874
31.352
32.737
34.1
35.03
35.961
36.892
38.444
40.1
41.755
42.567
42.954
44.349
49.442
54.534
56.469
57.426
58.382
57.363
54.863
52.363
48.812
43.544
38.277
37.146
36.335
35.456
34.504
33.552
32.387
30.687
28.987
27.349
25.723
24.097
22.608
21.195
19.783
18.215
16.459
14.702
1.8121
2.0543
2.2964
2.5403
2.7843
3.0283
3.3385
3.7678
4.1972
4.627
5.0569
5.4867
6.1491
6.9044
7.661
8.4184
9.1759
9.9745
11.31
12.645
13.98
15.31
16.636
18.401
20.751
23.1
25.45
27.739
30.021
32.422
34.857
37.291
39.672
41.895
43.493
41.34
39.177
36.748
34.319
31.891
31.369
32.754
34.139
35.524
36.47
37.401
38.953
40.609
41.315
41.702
42.089
43.484
48.577
53.669
58.762
61.04
61.997
60.978
58.478
54.697
49.429
44.162
38.894
37.764
36.952
36.14
35.273
34.321
33.156
31.456
29.756
28.056
26.411
24.785
23.297
21.884
20.288
18.531
16.775
15.019
1.8104
2.0526
2.2966
2.5406
2.7846
3.0286
3.3388
3.7683
4.1981
4.628
5.0578
5.4877
6.15
6.9068
7.6642
8.4216
9.179
9.9777
11.313
12.648
13.983
15.318
16.649
18.414
20.763
23.113
25.463
27.812
30.107
32.509
34.943
37.377
39.812
42.21
43.808
41.622
39.194
36.765
34.336
31.908
31.386
32.771
34.156
35.541
36.926
37.91
39.462
40.063
40.45
40.837
41.224
42.619
47.712
52.804
57.897
62.989
65.611
64.592
60.582
55.314
50.047
44.779
39.511
38.381
37.569
36.757
35.945
35.09
33.924
32.224
30.524
28.824
27.124
25.474
23.985
22.36
20.604
18.848
17.091
15.335
1.8085
2.0525
2.2965
2.5405
2.7845
3.0286
3.3385
3.7684
4.1982
4.6281
5.0579
5.4878
6.1484
6.9058
7.6633
8.4207
9.1781
9.9768
11.312
12.647
13.982
15.317
16.652
18.416
20.765
23.115
25.465
27.814
30.164
32.556
34.99
37.425
39.859
42.293
44.017
41.588
39.16
36.731
34.302
31.873
31.352
32.737
34.122
35.507
36.892
38.277
38.737
39.124
39.511
39.898
40.285
42.011
47.104
52.196
57.289
62.381
67.474
66.646
61.378
56.11
50.842
45.575
40.307
39.032
38.22
37.409
36.597
35.785
34.72
33.02
31.319
29.619
27.919
26.219
24.423
22.667
20.911
19.154
17.398
15.642
1.8015
2.0456
2.2896
2.5336
2.7776
3.0181
3.3239
3.7538
4.1836
4.6135
5.0433
5.4593
6.0899
6.8303
7.5877
8.3452
9.1026
9.9013
11.236
12.571
13.906
15.242
16.512
18.217
20.567
22.916
25.266
27.616
29.573
31.898
34.333
36.767
39.201
41.412
42.547
40.631
38.203
35.774
33.345
30.917
30.395
31.78
33.165
34.55
35.935
36.105
36.461
36.848
37.235
37.622
38.525
41.998
51.117
56.21
61.302
66.395
71.487
70.66
65.392
60.124
54.856
49.307
39.932
39.968
39.489
38.677
37.865
37.054
35.988
34.288
32.588
30.888
29.188
26.937
24.728
22.8
21.044
19.287
17.531
15.775
1.7946
2.0387
2.2827
2.5267
2.7666
3.0035
3.3093
3.7391
4.169
4.5988
5.0135
5.4271
6.0577
6.7752
7.5122
8.2697
9.0271
9.8258
11.161
12.496
13.831
15.092
16.314
18.019
20.368
22.718
25.064
26.99
28.915
31.241
33.675
36.109
38.254
39.898
41.033
39.119
37.205
34.817
32.389
29.96
29.438
30.823
32.208
33.496
33.662
33.829
34.185
34.572
34.959
35.983
37.828
41.301
50.743
60.186
65.316
70.408
75.501
74.673
69.405
64.137
58.247
48.872
39.497
39.534
40.295
39.946
39.134
38.322
37.257
35.557
33.857
32.157
29.847
27.444
25.234
23.133
21.177
19.42
17.664
15.908
1.7877
2.0318
2.2758
2.5151
2.752
2.9889
3.2947
3.7245
4.154
4.5677
4.9813
5.3949
6.0256
6.743
7.4604
8.1942
8.9516
9.7503
11.085
12.42
13.672
14.894
16.115
17.82
20.17
22.481
24.406
26.332
28.258
30.583
33.017
35.097
36.74
38.384
39.519
37.605
35.691
33.777
31.432
29.003
28.481
29.866
31.053
31.22
31.386
31.553
31.909
32.296
33.441
35.286
37.13
40.603
50.046
59.488
68.931
74.422
79.514
78.687
73.419
67.188
57.813
48.438
39.063
39.1
39.86
40.621
40.403
39.591
38.525
36.825
35.125
32.758
30.354
27.95
25.741
23.64
21.539
19.554
17.797
16.041
1.7808
2.0248
2.2636
2.5004
2.7373
2.9742
3.28
3.7082
4.1218
4.5355
4.9491
5.3627
5.9934
6.7108
7.4282
8.1456
8.8761
9.6748
11.01
12.252
13.474
14.695
15.917
17.622
19.897
21.823
23.749
25.675
27.6
29.926
31.939
33.583
35.226
36.87
38.005
36.091
34.177
32.263
30.349
28.046
27.525
28.61
28.777
28.943
29.11
29.277
29.632
30.899
32.743
34.588
36.433
39.906
49.348
58.791
68.233
77.676
83.528
82.7
76.129
66.754
57.379
48.004
38.629
38.665
39.426
40.187
40.947
40.859
39.794
38.072
35.668
33.264
30.86
28.457
26.247
24.146
22.045
19.944
17.93
16.174
1.7739
2.012
2.2489
2.4858
2.7227
2.9596
3.2624
3.676
4.0897
4.5033
4.9169
5.3306
5.9612
6.6786
7.396
8.1135
8.8309
9.5993
10.832
12.054
13.275
14.497
15.718
17.314
19.24
21.165
23.091
25.017
26.943
28.782
30.425
32.069
33.712
35.356
36.491
34.577
32.663
30.749
28.834
26.92
26.167
26.334
26.5
26.667
26.834
27.001
28.356
30.201
32.046
33.891
35.736
39.208
48.651
58.093
67.536
76.979
86.421
85.069
75.694
66.319
56.944
47.569
38.194
38.231
38.992
39.752
40.513
41.274
40.982
38.578
36.174
33.771
31.367
28.963
26.754
24.653
22.552
20.45
18.349
16.307
1.763
1.986
2.2229
2.4598
2.6967
2.9336
3.2336
3.6472
4.0608
4.4745
4.8881
5.2834
5.8544
6.5577
7.2751
7.9925
8.71
9.4499
10.512
11.734
12.955
14.177
15.398
16.68
18.333
20.259
22.185
24.11
26.036
27.74
29.383
31.027
32.67
34.268
34.693
32.779
30.865
28.951
27.037
25.502
24.924
24.956
25.123
25.29
25.457
25.623
27.334
29.185
31.03
32.875
34.72
38.193
47.635
57.078
66.52
75.963
84.097
81.626
72.251
62.876
53.501
44.126
37.042
38.125
38.886
39.647
40.407
41.168
41.024
38.621
36.217
33.813
31.41
29.267
27.225
25.124
23.023
20.922
18.821
16.557
1.7514
1.973
2.1947
2.4316
2.6685
2.9054
3.2054
3.619
4.0327
4.4463
4.8391
5.2234
5.7944
6.4402
7.1375
7.855
8.5724
9.3123
10.344
11.391
12.613
13.834
15.056
16.337
17.699
19.305
21.231
23.157
25.083
26.786
28.43
30.073
31.603
32.417
32.842
30.928
29.014
27.1
25.641
24.647
24.069
23.909
23.914
24.081
24.248
24.415
26.125
28.093
29.955
31.799
33.644
37.117
46.559
56.002
65.445
73.354
80.089
77.619
68.244
58.869
49.494
42.636
35.986
37.085
38.78
39.602
40.363
41.124
40.98
38.577
36.173
33.769
31.665
29.732
27.69
25.589
23.488
21.387
19.108
16.828
1.7397
1.9613
2.183
2.4046
2.6403
2.8772
3.1772
3.5908
4.0045
4.3949
4.7791
5.1634
5.7345
6.3802
7.026
7.7174
8.4348
9.1747
10.207
11.239
12.271
13.491
14.713
15.994
17.356
18.718
20.278
22.203
24.129
25.833
27.477
28.937
29.752
30.567
30.992
29.077
27.163
25.781
24.786
23.792
23.214
23.054
22.894
22.872
23.039
23.206
24.916
26.884
28.852
30.724
32.568
36.041
45.484
54.926
62.611
69.347
76.082
73.612
64.237
54.879
48.229
41.579
34.929
36.028
37.724
39.419
40.319
41.08
40.936
38.532
36.129
34.064
32.13
30.197
28.155
26.054
23.939
21.659
19.38
17.1
1.728
1.9497
2.1713
2.3929
2.6146
2.849
3.149
3.5627
3.9506
4.3349
4.7192
5.1034
5.6745
6.3203
6.966
7.6118
8.2972
9.0371
10.069
11.101
12.133
13.166
14.37
15.652
17.014
18.375
19.737
21.25
23.176
24.88
26.271
27.086
27.901
28.716
29.141
27.227
25.92
24.926
23.931
22.937
22.359
22.199
22.039
21.879
21.83
21.997
23.708
25.675
27.643
29.611
31.493
34.966
44.408
51.868
58.604
65.339
72.075
69.604
60.473
53.823
47.173
40.523
33.873
34.972
36.667
38.362
40.058
41.035
40.892
38.488
36.462
34.529
32.595
30.662
28.62
26.491
24.211
21.931
19.652
17.372
1.7164
1.938
2.1596
2.3813
2.6029
2.8245
3.1208
3.5063
3.8906
4.2749
4.6592
5.0435
5.6145
6.2603
6.9061
7.5518
8.1976
8.8996
9.9317
10.964
11.996
13.028
14.06
15.309
16.671
18.033
19.395
20.756
22.222
23.606
24.421
25.235
26.05
26.865
27.29
26.06
25.065
24.071
23.076
22.082
21.504
21.344
21.184
21.025
20.865
20.788
22.499
24.466
26.434
28.402
30.37
33.89
41.126
47.861
54.597
61.332
68.067
66.067
59.417
52.767
46.117
39.467
32.817
33.916
35.611
37.306
39.001
40.696
40.848
38.861
36.927
34.994
33.06
31.127
29.042
26.762
24.483
22.203
19.923
17.644
1.7
1.9095
2.1311
2.3527
2.5744
2.796
3.0757
3.46
3.8443
4.2286
4.6128
4.9808
5.5401
6.1859
6.8316
7.4774
8.1232
8.7186
9.62
10.652
11.684
12.716
13.748
14.922
16.284
17.645
19.007
20.369
21.614
22.492
23.307
24.122
24.936
25.751
26.042
25.317
24.322
23.328
22.333
21.339
20.761
20.601
20.441
20.282
20.122
20.57
22.394
24.362
26.329
28.297
30.265
31.606
36.724
43.46
50.195
56.931
63.666
64.89
58.661
52.011
45.361
38.711
32.061
33.16
34.856
36.551
38.246
39.941
41.06
38.929
36.995
35.062
33.128
31.195
29.038
26.759
24.479
22.199
19.92
17.696
1.6808
1.8847
2.0927
2.3143
2.536
2.7576
3.0373
3.4216
3.8059
4.1902
4.5547
4.8979
5.4572
6.103
6.7488
7.3946
7.9635
8.5365
9.3553
10.239
11.271
12.303
13.335
14.509
15.871
17.232
18.594
19.818
20.93
21.808
22.623
23.438
24.253
24.62
24.825
24.328
23.645
22.65
21.656
20.661
20.084
19.924
19.764
19.604
20.145
21.109
22.933
24.901
26.868
28.836
29.499
30.705
33.996
38.828
45.564
52.299
59.035
60.259
57.35
51.431
44.781
38.131
31.481
32.58
34.275
35.97
37.712
40.289
41.436
39.004
36.831
34.898
32.964
31.031
28.875
26.595
24.315
22.036
19.819
17.622
1.6617
1.8655
2.0694
2.2759
2.4976
2.7192
2.9989
3.3832
3.7675
4.1286
4.4718
4.8151
5.3744
6.0202
6.6659
7.2273
7.7814
8.3544
9.1732
9.9919
10.858
11.89
12.922
14.096
15.457
16.819
18.022
19.134
20.246
21.124
21.939
22.754
23.08
23.403
23.608
23.112
22.615
21.972
20.978
19.983
19.406
19.246
19.086
19.721
20.684
21.648
23.472
25.44
27.322
27.96
28.597
29.803
33.095
36.386
40.933
47.668
54.404
55.628
52.718
49.809
44.201
37.551
30.901
32
33.695
35.51
38.087
40.665
41.811
39.379
36.948
34.734
32.8
30.867
28.711
26.431
24.151
21.942
19.744
17.547
1.6425
1.8464
2.0503
2.2541
2.4592
2.6808
2.9605
3.3448
3.7025
4.0457
4.389
4.7322
5.2915
5.9369
6.491
7.0451
7.5993
8.1723
8.991
9.8098
10.629
11.477
12.509
13.682
15.044
16.226
17.338
18.45
19.562
20.44
21.218
21.541
21.863
22.186
22.391
21.895
21.398
20.901
20.3
19.306
18.728
18.569
19.296
20.26
21.223
22.187
24.011
25.783
26.421
27.058
27.696
28.902
32.193
35.485
38.776
43.037
49.772
50.996
48.087
45.178
42.268
36.971
30.321
31.42
33.308
35.885
38.462
41.04
42.186
39.755
37.323
34.892
32.636
30.703
28.547
26.267
24.064
21.867
19.669
17.472
1.6234
1.8272
2.0311
2.235
2.4388
2.6427
2.9221
3.2764
3.6197
3.9629
4.3061
4.6494
5.2007
5.7548
6.3089
6.863
7.4171
7.9902
8.8089
9.6277
10.446
11.265
12.096
13.269
14.431
15.543
16.654
17.766
18.878
19.678
20.001
20.324
20.646
20.969
21.174
20.678
20.181
19.685
19.188
18.628
18.051
18.872
19.835
20.799
21.762
22.726
24.244
24.881
25.519
26.157
26.794
28
31.292
34.583
37.875
41.166
45.141
46.365
43.456
40.547
37.637
34.728
29.74
31.106
33.683
36.26
38.838
41.415
42.561
40.13
37.698
35.267
32.836
30.539
28.384
26.187
23.989
21.792
19.595
17.397
1.6024
1.8063
2.0102
2.214
2.4179
2.6217
2.8655
3.2088
3.552
3.8952
4.2385
4.5739
5.0109
5.565
6.1191
6.6733
7.2274
7.8004
8.6192
9.4379
10.257
11.075
11.894
12.606
13.708
14.82
15.932
17.044
18.156
18.597
18.92
19.242
19.565
19.887
20.093
19.596
19.1
18.603
18.107
17.61
17.914
18.877
19.841
20.804
21.768
22.731
23.415
24.053
24.69
25.328
25.965
26.798
29.653
32.945
36.236
39.528
42.819
42.567
39.658
36.749
33.839
30.93
28.843
30.53
33.107
35.684
38.262
40.839
42.22
39.928
37.497
35.066
32.634
30.203
27.922
25.725
23.527
21.33
19.133
17.249
1.579
1.7829
1.9867
2.1906
2.3944
2.579
2.8188
3.162
3.5052
3.8485
4.1801
4.4777
4.8899
5.3647
5.9189
6.473
7.0271
7.6001
8.4189
9.2376
10.056
10.875
11.515
12.205
12.971
14.045
15.157
16.268
17.38
17.785
18.025
18.347
18.67
18.992
19.198
18.701
18.205
17.708
17.22
16.948
17.259
18.152
19.112
20.076
21.039
22.003
22.687
23.325
23.962
24.6
25.258
26.099
27.587
30.292
33.584
36.875
40.167
39.915
37.006
34.096
31.187
29.278
28.508
29.519
31.223
33.801
36.378
38.955
40.336
38.726
36.503
34.071
31.64
29.209
26.928
24.73
22.533
20.336
18.509
16.998
1.5556
1.7594
1.9633
2.1672
2.3499
2.5322
2.772
3.1152
3.4584
3.7863
4.0839
4.3814
4.7936
5.2516
5.7186
6.2727
6.8268
7.3998
8.2186
9.0373
9.8467
10.48
11.114
11.804
12.57
13.336
14.381
15.493
16.605
17.01
17.222
17.452
17.775
18.097
18.303
17.806
17.31
16.84
16.568
16.296
16.607
17.5
18.393
19.348
20.311
21.275
21.959
22.596
23.234
23.894
24.559
25.4
26.888
28.375
30.932
34.223
37.515
37.263
34.353
31.444
29.712
28.942
28.172
29.183
30.331
31.917
34.495
37.072
38.453
36.843
35.232
33.077
30.646
28.214
25.934
23.736
21.539
19.769
18.258
16.748
1.5322
1.736
1.9385
2.1208
2.3031
2.4854
2.7252
3.0684
3.3925
3.6901
3.9876
4.2852
4.6973
5.1554
5.6134
6.0724
6.6265
7.1995
8.0183
8.8123
9.4457
10.079
10.713
11.403
12.169
12.935
13.701
14.718
15.829
16.234
16.446
16.659
16.88
17.202
17.408
16.911
16.461
16.189
15.917
15.645
15.955
16.848
17.741
18.634
19.583
20.546
21.23
21.868
22.531
23.195
23.86
24.701
26.189
27.677
29.164
31.571
34.862
34.61
31.701
30.147
29.377
28.606
27.836
28.847
29.995
31.143
32.611
35.188
36.569
34.959
33.349
31.739
29.652
27.22
24.939
22.742
21.029
19.519
18.008
16.498
1.5087
1.7095
1.8918
2.0741
2.2564
2.4387
2.6784
2.9987
3.2963
3.5938
3.8914
4.1889
4.6011
5.0591
5.5172
5.9752
6.4333
6.9992
7.7779
8.4113
9.0447
9.6781
10.311
11.002
11.768
12.534
13.3
14.066
15.054
15.459
15.671
15.883
16.095
16.307
16.513
16.081
15.809
15.537
15.265
14.993
15.303
16.196
17.089
17.982
18.875
19.818
20.502
21.167
21.832
22.497
23.161
24.003
25.49
26.978
28.466
29.953
32.21
31.958
30.581
29.811
29.041
28.271
27.501
28.512
29.66
30.808
31.956
33.305
34.686
33.075
31.465
29.855
28.245
26.226
23.945
22.289
20.779
19.268
17.758
16.248
1.4844
1.6618
1.8441
2.0264
2.2087
2.391
2.6144
2.912
3.2095
3.507
3.8046
4.1021
4.4832
4.9413
5.3993
5.8574
6.3154
6.78
7.4004
8.0338
8.6672
9.3006
9.934
10.555
11.321
12.087
12.853
13.62
14.386
14.716
14.929
15.141
15.353
15.565
15.759
15.526
15.254
14.982
14.71
14.438
14.748
15.641
16.534
17.427
18.32
19.181
19.77
20.435
21.1
21.765
22.429
23.271
24.758
26.246
27.734
29.221
30.709
30.975
30.205
29.434
28.664
27.894
27.124
27.873
29.021
30.169
31.317
32.465
32.825
31.215
29.605
27.995
26.384
24.774
23.495
21.985
20.474
18.964
17.454
15.943
1.4566
1.6173
1.7929
1.9752
2.1575
2.3398
2.5633
2.8608
3.1583
3.4559
3.7523
4.0034
4.338
4.7423
5.2003
5.6584
6.1164
6.5811
7.1311
7.7445
8.3779
9.0113
9.6447
10.205
10.702
11.468
12.235
13.001
13.767
14.098
14.31
14.522
14.734
14.918
15.073
15.257
15.062
14.79
14.518
14.246
14.556
15.449
16.342
17.235
18.065
18.584
19.023
19.579
20.244
20.908
21.573
22.414
23.902
25.39
26.877
28.365
29.269
29.733
29.674
28.903
28.133
27.363
26.593
26.538
27.247
28.395
29.543
30.691
31.051
29.44
27.83
26.22
24.61
23.867
22.813
21.477
19.966
18.456
16.946
15.436
1.4289
1.5896
1.7503
1.924
2.1063
2.2886
2.5121
2.8097
3.1072
3.3997
3.6509
3.902
4.2366
4.6046
5.0014
5.4594
5.9175
6.3821
6.9321
7.4821
8.0886
8.722
9.3554
9.9153
10.377
10.85
11.616
12.382
13.148
13.479
13.691
13.903
14.082
14.232
14.387
14.571
14.755
14.598
14.326
14.054
14.364
15.257
16.15
16.949
17.469
17.988
18.426
18.851
19.387
20.052
20.717
21.558
23.046
24.533
26.021
26.87
27.697
28.161
28.352
28.373
27.602
26.832
26.062
26.007
26.006
26.62
27.768
28.916
29.276
27.666
26.056
24.479
23.778
23.077
22.023
20.773
19.458
17.948
16.438
14.928
1.4011
1.5618
1.7225
1.8832
2.0552
2.2375
2.461
2.7585
3.0472
3.2983
3.5495
3.8006
4.1352
4.5032
4.8711
5.2605
5.7185
6.1831
6.7332
7.2832
7.8332
8.4328
9.0662
9.6261
10.088
10.55
11.012
11.763
12.529
12.86
13.072
13.246
13.396
13.546
13.701
13.885
14.069
14.253
14.134
13.862
14.172
15.065
15.833
16.353
16.872
17.392
17.83
18.255
18.68
19.196
19.861
20.702
22.189
23.645
24.472
25.298
26.125
26.588
26.78
26.971
27.071
26.301
25.531
25.476
25.476
25.475
25.994
27.142
27.502
25.892
24.39
23.689
22.988
22.287
21.233
19.983
18.733
17.44
15.93
14.42
1.3734
1.5341
1.6947
1.8554
2.0161
2.1863
2.4098
2.6946
2.9458
3.1969
3.4481
3.6992
4.0338
4.4018
4.7697
5.1377
5.5196
5.9842
6.5342
7.0842
7.6342
8.1842
8.7769
9.3368
9.7987
10.261
10.722
11.184
11.911
12.241
12.41
12.56
12.71
12.86
13.015
13.199
13.383
13.568
13.752
13.67
13.98
14.717
15.237
15.756
16.276
16.795
17.234
17.659
18.083
18.508
19.004
19.846
21.246
22.073
22.899
23.726
24.552
25.016
25.207
25.399
25.59
25.77
25
24.945
24.945
24.944
24.944
25.367
25.727
24.302
23.601
22.9
22.199
21.498
20.444
19.194
17.944
16.694
15.422
13.912
1.3456
1.5063
1.667
1.8277
1.9884
2.1491
2.3421
2.5932
2.8444
3.0955
3.3467
3.5978
3.9324
4.3004
4.6683
5.0363
5.4042
5.7852
6.3352
6.8852
7.4353
7.9853
8.5353
9.0475
9.5094
9.9713
10.433
10.895
11.357
11.574
11.724
11.874
12.024
12.174
12.329
12.513
12.698
12.882
13.066
13.25
13.602
14.121
14.641
15.16
15.68
16.199
16.637
17.062
17.487
17.912
18.337
18.848
19.674
20.501
21.327
22.153
22.98
23.443
23.635
23.826
24.018
24.209
24.4
24.414
24.414
24.413
24.413
24.413
24.213
23.512
22.811
22.11
21.409
20.708
19.654
18.404
17.154
15.904
14.654
13.404
