   % Falmagne interval data set
   % 
   % Provides the granulometric composition of 323 georeferenced
   % soil samples in the Dinant area, Belgium. The composition
   % is approximatively measured, and is provided as 5 classes of
   % 20% width, ranging from 0% to 100%.
   %
   % Columns are from left to right :
   %
   % 1: Easting (meters)
   % 2: Northing (meters)
   % 3: Lower bound for sand content (%)
   % 4: Upper bound for sand content (%)
   % 5: Lower bound for silt content (%)
   % 6: Upper bound for silt content (%)
   % 7: Lower bound for silt content (%)
   % 8: Upper bound for silt content (%)

   1.7732713e+05   8.9294012e+04   2.0000000e+01   4.0000000e+01   6.0000000e+01   8.0000000e+01   0.0000000e+00   2.0000000e+01
   1.7729416e+05   9.0287240e+04   2.0000000e+01   4.0000000e+01   4.0000000e+01   6.0000000e+01   2.0000000e+01   4.0000000e+01
   1.7733202e+05   9.1308324e+04   0.0000000e+00   2.0000000e+01   6.0000000e+01   8.0000000e+01   2.0000000e+01   4.0000000e+01
   1.7729538e+05   9.2345367e+04   0.0000000e+00   2.0000000e+01   4.0000000e+01   6.0000000e+01   4.0000000e+01   6.0000000e+01
   1.7731501e+05   9.3308629e+04   0.0000000e+00   2.0000000e+01   6.0000000e+01   8.0000000e+01   4.0000000e+01   6.0000000e+01
   1.7727473e+05   9.4250778e+04   0.0000000e+00   2.0000000e+01   6.0000000e+01   8.0000000e+01   2.0000000e+01   4.0000000e+01
   1.7727969e+05   9.5272887e+04   0.0000000e+00   2.0000000e+01   6.0000000e+01   8.0000000e+01   2.0000000e+01   4.0000000e+01
   1.7729624e+05   9.6267919e+04   0.0000000e+00   2.0000000e+01   4.0000000e+01   6.0000000e+01   0.0000000e+00   2.0000000e+01
   1.7728349e+05   9.7332914e+04   2.0000000e+01   4.0000000e+01   4.0000000e+01   6.0000000e+01   2.0000000e+01   4.0000000e+01
   1.7731308e+05   9.8303438e+04   0.0000000e+00   2.0000000e+01   4.0000000e+01   6.0000000e+01   2.0000000e+01   4.0000000e+01
   1.7729228e+05   9.9315521e+04   2.0000000e+01   4.0000000e+01   6.0000000e+01   8.0000000e+01   2.0000000e+01   4.0000000e+01
   1.7727751e+05   1.0028105e+05   0.0000000e+00   2.0000000e+01   6.0000000e+01   8.0000000e+01   0.0000000e+00   2.0000000e+01
   1.7730758e+05   1.0129851e+05   2.0000000e+01   4.0000000e+01   4.0000000e+01   6.0000000e+01   0.0000000e+00   2.0000000e+01
   1.7731130e+05   1.0229113e+05   2.0000000e+01   4.0000000e+01   6.0000000e+01   8.0000000e+01   0.0000000e+00   2.0000000e+01
   1.7729231e+05   1.0327751e+05   2.0000000e+01   4.0000000e+01   6.0000000e+01   8.0000000e+01   0.0000000e+00   2.0000000e+01
   1.7728722e+05   1.0426789e+05   0.0000000e+00   2.0000000e+01   6.0000000e+01   8.0000000e+01   0.0000000e+00   2.0000000e+01
   1.7728211e+05   1.0528867e+05   0.0000000e+00   2.0000000e+01   6.0000000e+01   8.0000000e+01   0.0000000e+00   2.0000000e+01
   1.7729168e+05   1.0630531e+05   2.0000000e+01   4.0000000e+01   4.0000000e+01   6.0000000e+01   2.0000000e+01   4.0000000e+01
   1.7732272e+05   1.0731586e+05   2.0000000e+01   4.0000000e+01   4.0000000e+01   6.0000000e+01   0.0000000e+00   2.0000000e+01
   1.7829069e+05   8.9287927e+04   2.0000000e+01   4.0000000e+01   4.0000000e+01   6.0000000e+01   2.0000000e+01   4.0000000e+01
   1.7828745e+05   9.0264262e+04   2.0000000e+01   4.0000000e+01   6.0000000e+01   8.0000000e+01   2.0000000e+01   4.0000000e+01
   1.7829785e+05   9.1289099e+04   0.0000000e+00   2.0000000e+01   4.0000000e+01   6.0000000e+01   4.0000000e+01   6.0000000e+01
   1.7833078e+05   9.2323603e+04   0.0000000e+00   2.0000000e+01   4.0000000e+01   6.0000000e+01   2.0000000e+01   4.0000000e+01
   1.7831169e+05   9.3318798e+04   0.0000000e+00   2.0000000e+01   2.0000000e+01   4.0000000e+01   2.0000000e+01   4.0000000e+01
   1.7827845e+05   9.4276883e+04   0.0000000e+00   2.0000000e+01   4.0000000e+01   6.0000000e+01   2.0000000e+01   4.0000000e+01
   1.7832159e+05   9.5298163e+04   0.0000000e+00   2.0000000e+01   4.0000000e+01   6.0000000e+01   0.0000000e+00   2.0000000e+01
   1.7831135e+05   9.6282892e+04   2.0000000e+01   4.0000000e+01   6.0000000e+01   8.0000000e+01   2.0000000e+01   4.0000000e+01
   1.7831912e+05   9.7312332e+04   0.0000000e+00   2.0000000e+01   2.0000000e+01   4.0000000e+01   2.0000000e+01   4.0000000e+01
   1.7830456e+05   9.8295086e+04   2.0000000e+01   4.0000000e+01   4.0000000e+01   6.0000000e+01   0.0000000e+00   2.0000000e+01
   1.7829874e+05   9.9302399e+04   0.0000000e+00   2.0000000e+01   8.0000000e+01   1.0000000e+02   2.0000000e+01   4.0000000e+01
   1.7830322e+05   1.0029491e+05   0.0000000e+00   2.0000000e+01   6.0000000e+01   8.0000000e+01   2.0000000e+01   4.0000000e+01
   1.7830740e+05   1.0131664e+05   2.0000000e+01   4.0000000e+01   8.0000000e+01   1.0000000e+02   0.0000000e+00   2.0000000e+01
   1.7830239e+05   1.0229116e+05   2.0000000e+01   4.0000000e+01   6.0000000e+01   8.0000000e+01   0.0000000e+00   2.0000000e+01
   1.7829744e+05   1.0329871e+05   2.0000000e+01   4.0000000e+01   6.0000000e+01   8.0000000e+01   0.0000000e+00   2.0000000e+01
   1.7828438e+05   1.0427967e+05   0.0000000e+00   2.0000000e+01   6.0000000e+01   8.0000000e+01   0.0000000e+00   2.0000000e+01
   1.7829181e+05   1.0529558e+05   0.0000000e+00   2.0000000e+01   4.0000000e+01   6.0000000e+01   0.0000000e+00   2.0000000e+01
   1.7830213e+05   1.0629543e+05   2.0000000e+01   4.0000000e+01   6.0000000e+01   8.0000000e+01   0.0000000e+00   2.0000000e+01
   1.7827107e+05   1.0727394e+05   2.0000000e+01   4.0000000e+01   2.0000000e+01   4.0000000e+01   0.0000000e+00   2.0000000e+01
   1.7931527e+05   8.9334627e+04   2.0000000e+01   4.0000000e+01   6.0000000e+01   8.0000000e+01   2.0000000e+01   4.0000000e+01
   1.7931343e+05   9.0260328e+04   2.0000000e+01   4.0000000e+01   4.0000000e+01   6.0000000e+01   2.0000000e+01   4.0000000e+01
   1.7927822e+05   9.1276750e+04   0.0000000e+00   2.0000000e+01   6.0000000e+01   8.0000000e+01   4.0000000e+01   6.0000000e+01
   1.7932330e+05   9.2316041e+04   0.0000000e+00   2.0000000e+01   6.0000000e+01   8.0000000e+01   4.0000000e+01   6.0000000e+01
   1.7930558e+05   9.3281133e+04   0.0000000e+00   2.0000000e+01   4.0000000e+01   6.0000000e+01   2.0000000e+01   4.0000000e+01
   1.7928872e+05   9.4318786e+04   2.0000000e+01   4.0000000e+01   6.0000000e+01   8.0000000e+01   0.0000000e+00   2.0000000e+01
   1.7926256e+05   9.5295179e+04   0.0000000e+00   2.0000000e+01   6.0000000e+01   8.0000000e+01   0.0000000e+00   2.0000000e+01
   1.7931225e+05   9.6274833e+04   0.0000000e+00   2.0000000e+01   8.0000000e+01   1.0000000e+02   2.0000000e+01   4.0000000e+01
   1.7931209e+05   9.7268309e+04   0.0000000e+00   2.0000000e+01   4.0000000e+01   6.0000000e+01   2.0000000e+01   4.0000000e+01
   1.7929773e+05   9.8321815e+04   0.0000000e+00   2.0000000e+01   4.0000000e+01   6.0000000e+01   2.0000000e+01   4.0000000e+01
   1.7931800e+05   9.9312374e+04   0.0000000e+00   2.0000000e+01   6.0000000e+01   8.0000000e+01   0.0000000e+00   2.0000000e+01
   1.7928919e+05   1.0030897e+05   2.0000000e+01   4.0000000e+01   6.0000000e+01   8.0000000e+01   0.0000000e+00   2.0000000e+01
   1.7931346e+05   1.0130353e+05   2.0000000e+01   4.0000000e+01   4.0000000e+01   6.0000000e+01   0.0000000e+00   2.0000000e+01
   1.7930577e+05   1.0227286e+05   2.0000000e+01   4.0000000e+01   6.0000000e+01   8.0000000e+01   0.0000000e+00   2.0000000e+01
   1.7932594e+05   1.0332387e+05   0.0000000e+00   2.0000000e+01   8.0000000e+01   1.0000000e+02   0.0000000e+00   2.0000000e+01
   1.7934023e+05   1.0431255e+05   2.0000000e+01   4.0000000e+01   4.0000000e+01   6.0000000e+01   0.0000000e+00   2.0000000e+01
   1.7936076e+05   1.0527740e+05   2.0000000e+01   4.0000000e+01   6.0000000e+01   8.0000000e+01   0.0000000e+00   2.0000000e+01
   1.7930721e+05   1.0628689e+05   2.0000000e+01   4.0000000e+01   4.0000000e+01   6.0000000e+01   0.0000000e+00   2.0000000e+01
   1.7929786e+05   1.0729275e+05   2.0000000e+01   4.0000000e+01   4.0000000e+01   6.0000000e+01   0.0000000e+00   2.0000000e+01
   1.8028131e+05   8.9288585e+04   2.0000000e+01   4.0000000e+01   4.0000000e+01   6.0000000e+01   2.0000000e+01   4.0000000e+01
   1.8027277e+05   9.0266958e+04   4.0000000e+01   6.0000000e+01   2.0000000e+01   4.0000000e+01   2.0000000e+01   4.0000000e+01
   1.8032983e+05   9.1252235e+04   4.0000000e+01   6.0000000e+01   4.0000000e+01   6.0000000e+01   2.0000000e+01   4.0000000e+01
   1.8032126e+05   9.2292242e+04   0.0000000e+00   2.0000000e+01   4.0000000e+01   6.0000000e+01   2.0000000e+01   4.0000000e+01
   1.8030161e+05   9.3264475e+04   0.0000000e+00   2.0000000e+01   4.0000000e+01   6.0000000e+01   2.0000000e+01   4.0000000e+01
   1.8026371e+05   9.4294505e+04   0.0000000e+00   2.0000000e+01   6.0000000e+01   8.0000000e+01   0.0000000e+00   2.0000000e+01
   1.8030619e+05   9.5342061e+04   2.0000000e+01   4.0000000e+01   6.0000000e+01   8.0000000e+01   0.0000000e+00   2.0000000e+01
   1.8028905e+05   9.6289459e+04   0.0000000e+00   2.0000000e+01   6.0000000e+01   8.0000000e+01   0.0000000e+00   2.0000000e+01
   1.8033284e+05   9.7321335e+04   0.0000000e+00   2.0000000e+01   2.0000000e+01   4.0000000e+01   2.0000000e+01   4.0000000e+01
   1.8030328e+05   9.8310709e+04   0.0000000e+00   2.0000000e+01   6.0000000e+01   8.0000000e+01   0.0000000e+00   2.0000000e+01
   1.8026980e+05   9.9288376e+04   0.0000000e+00   2.0000000e+01   6.0000000e+01   8.0000000e+01   0.0000000e+00   2.0000000e+01
   1.8025860e+05   1.0031894e+05   0.0000000e+00   2.0000000e+01   6.0000000e+01   8.0000000e+01   0.0000000e+00   2.0000000e+01
   1.8030093e+05   1.0130718e+05   2.0000000e+01   4.0000000e+01   6.0000000e+01   8.0000000e+01   0.0000000e+00   2.0000000e+01
   1.8030447e+05   1.0229984e+05   0.0000000e+00   2.0000000e+01   6.0000000e+01   8.0000000e+01   0.0000000e+00   2.0000000e+01
   1.8032773e+05   1.0332551e+05   0.0000000e+00   2.0000000e+01   6.0000000e+01   8.0000000e+01   0.0000000e+00   2.0000000e+01
   1.8029310e+05   1.0431180e+05   2.0000000e+01   4.0000000e+01   6.0000000e+01   8.0000000e+01   0.0000000e+00   2.0000000e+01
   1.8032681e+05   1.0535973e+05   0.0000000e+00   2.0000000e+01   6.0000000e+01   8.0000000e+01   0.0000000e+00   2.0000000e+01
   1.8026951e+05   1.0629279e+05   2.0000000e+01   4.0000000e+01   6.0000000e+01   8.0000000e+01   2.0000000e+01   4.0000000e+01
   1.8033375e+05   1.0729502e+05   0.0000000e+00   2.0000000e+01   4.0000000e+01   6.0000000e+01   0.0000000e+00   2.0000000e+01
   1.8129310e+05   8.9315760e+04   2.0000000e+01   4.0000000e+01   6.0000000e+01   8.0000000e+01   2.0000000e+01   4.0000000e+01
   1.8132123e+05   9.0279807e+04   2.0000000e+01   4.0000000e+01   6.0000000e+01   8.0000000e+01   2.0000000e+01   4.0000000e+01
   1.8130634e+05   9.1310756e+04   2.0000000e+01   4.0000000e+01   2.0000000e+01   4.0000000e+01   2.0000000e+01   4.0000000e+01
   1.8130567e+05   9.2318213e+04   0.0000000e+00   2.0000000e+01   6.0000000e+01   8.0000000e+01   2.0000000e+01   4.0000000e+01
   1.8129539e+05   9.3292263e+04   2.0000000e+01   4.0000000e+01   6.0000000e+01   8.0000000e+01   0.0000000e+00   2.0000000e+01
   1.8126984e+05   9.4324069e+04   0.0000000e+00   2.0000000e+01   6.0000000e+01   8.0000000e+01   0.0000000e+00   2.0000000e+01
   1.8130358e+05   9.5339451e+04   2.0000000e+01   4.0000000e+01   4.0000000e+01   6.0000000e+01   0.0000000e+00   2.0000000e+01
   1.8131551e+05   9.6273531e+04   2.0000000e+01   4.0000000e+01   6.0000000e+01   8.0000000e+01   2.0000000e+01   4.0000000e+01
   1.8128863e+05   9.7309966e+04   0.0000000e+00   2.0000000e+01   8.0000000e+01   1.0000000e+02   2.0000000e+01   4.0000000e+01
   1.8128426e+05   9.8310972e+04   0.0000000e+00   2.0000000e+01   6.0000000e+01   8.0000000e+01   2.0000000e+01   4.0000000e+01
   1.8129441e+05   9.9301842e+04   2.0000000e+01   4.0000000e+01   6.0000000e+01   8.0000000e+01   0.0000000e+00   2.0000000e+01
   1.8130232e+05   1.0028055e+05   0.0000000e+00   2.0000000e+01   4.0000000e+01   6.0000000e+01   0.0000000e+00   2.0000000e+01
   1.8129697e+05   1.0133400e+05   2.0000000e+01   4.0000000e+01   4.0000000e+01   6.0000000e+01   0.0000000e+00   2.0000000e+01
   1.8129537e+05   1.0232289e+05   0.0000000e+00   2.0000000e+01   4.0000000e+01   6.0000000e+01   2.0000000e+01   4.0000000e+01
   1.8130515e+05   1.0331724e+05   2.0000000e+01   4.0000000e+01   8.0000000e+01   1.0000000e+02   0.0000000e+00   2.0000000e+01
   1.8128101e+05   1.0432521e+05   2.0000000e+01   4.0000000e+01   6.0000000e+01   8.0000000e+01   0.0000000e+00   2.0000000e+01
   1.8126240e+05   1.0533261e+05   0.0000000e+00   2.0000000e+01   6.0000000e+01   8.0000000e+01   2.0000000e+01   4.0000000e+01
   1.8129145e+05   1.0627005e+05   4.0000000e+01   6.0000000e+01   6.0000000e+01   8.0000000e+01   2.0000000e+01   4.0000000e+01
   1.8131866e+05   1.0728673e+05   2.0000000e+01   4.0000000e+01   6.0000000e+01   8.0000000e+01   0.0000000e+00   2.0000000e+01
   1.8233416e+05   8.9286387e+04   0.0000000e+00   2.0000000e+01   6.0000000e+01   8.0000000e+01   2.0000000e+01   4.0000000e+01
   1.8228108e+05   9.0284605e+04   2.0000000e+01   4.0000000e+01   8.0000000e+01   1.0000000e+02   0.0000000e+00   2.0000000e+01
   1.8230316e+05   9.1278703e+04   2.0000000e+01   4.0000000e+01   4.0000000e+01   6.0000000e+01   2.0000000e+01   4.0000000e+01
   1.8229448e+05   9.2293075e+04   4.0000000e+01   6.0000000e+01   4.0000000e+01   6.0000000e+01   2.0000000e+01   4.0000000e+01
   1.8231662e+05   9.3286951e+04   0.0000000e+00   2.0000000e+01   4.0000000e+01   6.0000000e+01   0.0000000e+00   2.0000000e+01
   1.8234343e+05   9.4326280e+04   2.0000000e+01   4.0000000e+01   2.0000000e+01   4.0000000e+01   0.0000000e+00   2.0000000e+01
   1.8228696e+05   9.5302236e+04   2.0000000e+01   4.0000000e+01   6.0000000e+01   8.0000000e+01   0.0000000e+00   2.0000000e+01
   1.8229706e+05   9.6314009e+04   2.0000000e+01   4.0000000e+01   4.0000000e+01   6.0000000e+01   0.0000000e+00   2.0000000e+01
   1.8229250e+05   9.7342666e+04   0.0000000e+00   2.0000000e+01   8.0000000e+01   1.0000000e+02   0.0000000e+00   2.0000000e+01
   1.8234261e+05   9.8279241e+04   2.0000000e+01   4.0000000e+01   6.0000000e+01   8.0000000e+01   0.0000000e+00   2.0000000e+01
   1.8231388e+05   9.9309463e+04   2.0000000e+01   4.0000000e+01   4.0000000e+01   6.0000000e+01   0.0000000e+00   2.0000000e+01
   1.8230315e+05   1.0028897e+05   0.0000000e+00   2.0000000e+01   8.0000000e+01   1.0000000e+02   2.0000000e+01   4.0000000e+01
   1.8230475e+05   1.0131725e+05   0.0000000e+00   2.0000000e+01   6.0000000e+01   8.0000000e+01   0.0000000e+00   2.0000000e+01
   1.8234625e+05   1.0226897e+05   0.0000000e+00   2.0000000e+01   6.0000000e+01   8.0000000e+01   0.0000000e+00   2.0000000e+01
   1.8230873e+05   1.0331092e+05   0.0000000e+00   2.0000000e+01   8.0000000e+01   1.0000000e+02   2.0000000e+01   4.0000000e+01
   1.8230319e+05   1.0428227e+05   2.0000000e+01   4.0000000e+01   6.0000000e+01   8.0000000e+01   2.0000000e+01   4.0000000e+01
   1.8227956e+05   1.0529460e+05   0.0000000e+00   2.0000000e+01   6.0000000e+01   8.0000000e+01   0.0000000e+00   2.0000000e+01
   1.8232781e+05   1.0630894e+05   2.0000000e+01   4.0000000e+01   8.0000000e+01   1.0000000e+02   0.0000000e+00   2.0000000e+01
   1.8232235e+05   1.0733173e+05   0.0000000e+00   2.0000000e+01   8.0000000e+01   1.0000000e+02   0.0000000e+00   2.0000000e+01
   1.8330730e+05   8.9296471e+04   0.0000000e+00   2.0000000e+01   4.0000000e+01   6.0000000e+01   2.0000000e+01   4.0000000e+01
   1.8332764e+05   9.0308818e+04   2.0000000e+01   4.0000000e+01   4.0000000e+01   6.0000000e+01   2.0000000e+01   4.0000000e+01
   1.8332664e+05   9.1312910e+04   2.0000000e+01   4.0000000e+01   4.0000000e+01   6.0000000e+01   0.0000000e+00   2.0000000e+01
   1.8324535e+05   9.2267289e+04   2.0000000e+01   4.0000000e+01   6.0000000e+01   8.0000000e+01   2.0000000e+01   4.0000000e+01
   1.8332241e+05   9.3250057e+04   2.0000000e+01   4.0000000e+01   6.0000000e+01   8.0000000e+01   0.0000000e+00   2.0000000e+01
   1.8330160e+05   9.4282488e+04   2.0000000e+01   4.0000000e+01   2.0000000e+01   4.0000000e+01   0.0000000e+00   2.0000000e+01
   1.8332624e+05   9.5313373e+04   2.0000000e+01   4.0000000e+01   6.0000000e+01   8.0000000e+01   0.0000000e+00   2.0000000e+01
   1.8329150e+05   9.6295874e+04   0.0000000e+00   2.0000000e+01   4.0000000e+01   6.0000000e+01   0.0000000e+00   2.0000000e+01
   1.8328762e+05   9.7332808e+04   2.0000000e+01   4.0000000e+01   6.0000000e+01   8.0000000e+01   2.0000000e+01   4.0000000e+01
   1.8329951e+05   9.8284400e+04   0.0000000e+00   2.0000000e+01   8.0000000e+01   1.0000000e+02   0.0000000e+00   2.0000000e+01
   1.8329802e+05   9.9293108e+04   0.0000000e+00   2.0000000e+01   6.0000000e+01   8.0000000e+01   0.0000000e+00   2.0000000e+01
   1.8327390e+05   1.0032581e+05   0.0000000e+00   2.0000000e+01   6.0000000e+01   8.0000000e+01   2.0000000e+01   4.0000000e+01
   1.8327014e+05   1.0131681e+05   0.0000000e+00   2.0000000e+01   8.0000000e+01   1.0000000e+02   2.0000000e+01   4.0000000e+01
   1.8331255e+05   1.0228945e+05   0.0000000e+00   2.0000000e+01   6.0000000e+01   8.0000000e+01   2.0000000e+01   4.0000000e+01
   1.8330827e+05   1.0328977e+05   0.0000000e+00   2.0000000e+01   6.0000000e+01   8.0000000e+01   0.0000000e+00   2.0000000e+01
   1.8331906e+05   1.0430665e+05   0.0000000e+00   2.0000000e+01   8.0000000e+01   1.0000000e+02   2.0000000e+01   4.0000000e+01
   1.8331454e+05   1.0529951e+05   0.0000000e+00   2.0000000e+01   8.0000000e+01   1.0000000e+02   2.0000000e+01   4.0000000e+01
   1.8333632e+05   1.0628676e+05   0.0000000e+00   2.0000000e+01   6.0000000e+01   8.0000000e+01   0.0000000e+00   2.0000000e+01
   1.8334169e+05   1.0727669e+05   0.0000000e+00   2.0000000e+01   6.0000000e+01   8.0000000e+01   0.0000000e+00   2.0000000e+01
   1.8431498e+05   8.9282141e+04   0.0000000e+00   2.0000000e+01   4.0000000e+01   6.0000000e+01   2.0000000e+01   4.0000000e+01
   1.8430028e+05   9.0272060e+04   0.0000000e+00   2.0000000e+01   4.0000000e+01   6.0000000e+01   2.0000000e+01   4.0000000e+01
   1.8431374e+05   9.1308137e+04   0.0000000e+00   2.0000000e+01   6.0000000e+01   8.0000000e+01   2.0000000e+01   4.0000000e+01
   1.8428283e+05   9.2272648e+04   2.0000000e+01   4.0000000e+01   4.0000000e+01   6.0000000e+01   0.0000000e+00   2.0000000e+01
   1.8429770e+05   9.3276369e+04   2.0000000e+01   4.0000000e+01   6.0000000e+01   8.0000000e+01   2.0000000e+01   4.0000000e+01
   1.8429461e+05   9.4331206e+04   0.0000000e+00   2.0000000e+01   6.0000000e+01   8.0000000e+01   2.0000000e+01   4.0000000e+01
   1.8430199e+05   9.5343130e+04   2.0000000e+01   4.0000000e+01   6.0000000e+01   8.0000000e+01   2.0000000e+01   4.0000000e+01
   1.8431121e+05   9.6345912e+04   0.0000000e+00   2.0000000e+01   6.0000000e+01   8.0000000e+01   2.0000000e+01   4.0000000e+01
   1.8428003e+05   9.7287138e+04   0.0000000e+00   2.0000000e+01   8.0000000e+01   1.0000000e+02   2.0000000e+01   4.0000000e+01
   1.8427843e+05   9.8271885e+04   0.0000000e+00   2.0000000e+01   6.0000000e+01   8.0000000e+01   0.0000000e+00   2.0000000e+01
   1.8424872e+05   9.9326317e+04   0.0000000e+00   2.0000000e+01   6.0000000e+01   8.0000000e+01   0.0000000e+00   2.0000000e+01
   1.8429556e+05   1.0027116e+05   2.0000000e+01   4.0000000e+01   6.0000000e+01   8.0000000e+01   0.0000000e+00   2.0000000e+01
   1.8430658e+05   1.0130399e+05   0.0000000e+00   2.0000000e+01   6.0000000e+01   8.0000000e+01   0.0000000e+00   2.0000000e+01
   1.8430974e+05   1.0232257e+05   2.0000000e+01   4.0000000e+01   8.0000000e+01   1.0000000e+02   0.0000000e+00   2.0000000e+01
   1.8427680e+05   1.0330917e+05   2.0000000e+01   4.0000000e+01   6.0000000e+01   8.0000000e+01   0.0000000e+00   2.0000000e+01
   1.8429732e+05   1.0427371e+05   0.0000000e+00   2.0000000e+01   8.0000000e+01   1.0000000e+02   0.0000000e+00   2.0000000e+01
   1.8430575e+05   1.0529459e+05   0.0000000e+00   2.0000000e+01   6.0000000e+01   8.0000000e+01   0.0000000e+00   2.0000000e+01
   1.8430739e+05   1.0632198e+05   0.0000000e+00   2.0000000e+01   6.0000000e+01   8.0000000e+01   2.0000000e+01   4.0000000e+01
   1.8430252e+05   1.0730658e+05   0.0000000e+00   2.0000000e+01   6.0000000e+01   8.0000000e+01   2.0000000e+01   4.0000000e+01
   1.8530383e+05   8.9302674e+04   0.0000000e+00   2.0000000e+01   4.0000000e+01   6.0000000e+01   0.0000000e+00   2.0000000e+01
   1.8528755e+05   9.0292550e+04   0.0000000e+00   2.0000000e+01   4.0000000e+01   6.0000000e+01   2.0000000e+01   4.0000000e+01
   1.8528384e+05   9.1304036e+04   0.0000000e+00   2.0000000e+01   4.0000000e+01   6.0000000e+01   0.0000000e+00   2.0000000e+01
   1.8528255e+05   9.2328770e+04   0.0000000e+00   2.0000000e+01   4.0000000e+01   6.0000000e+01   0.0000000e+00   2.0000000e+01
   1.8530279e+05   9.3300822e+04   0.0000000e+00   2.0000000e+01   6.0000000e+01   8.0000000e+01   2.0000000e+01   4.0000000e+01
   1.8531219e+05   9.4330877e+04   0.0000000e+00   2.0000000e+01   6.0000000e+01   8.0000000e+01   0.0000000e+00   2.0000000e+01
   1.8529824e+05   9.5313332e+04   0.0000000e+00   2.0000000e+01   8.0000000e+01   1.0000000e+02   0.0000000e+00   2.0000000e+01
   1.8530682e+05   9.6310467e+04   0.0000000e+00   2.0000000e+01   6.0000000e+01   8.0000000e+01   0.0000000e+00   2.0000000e+01
   1.8529675e+05   9.7289846e+04   0.0000000e+00   2.0000000e+01   8.0000000e+01   1.0000000e+02   0.0000000e+00   2.0000000e+01
   1.8532243e+05   9.8283171e+04   0.0000000e+00   2.0000000e+01   6.0000000e+01   8.0000000e+01   0.0000000e+00   2.0000000e+01
   1.8532794e+05   9.9295155e+04   0.0000000e+00   2.0000000e+01   8.0000000e+01   1.0000000e+02   0.0000000e+00   2.0000000e+01
   1.8527468e+05   1.0029989e+05   2.0000000e+01   4.0000000e+01   8.0000000e+01   1.0000000e+02   0.0000000e+00   2.0000000e+01
   1.8529780e+05   1.0131902e+05   0.0000000e+00   2.0000000e+01   6.0000000e+01   8.0000000e+01   0.0000000e+00   2.0000000e+01
   1.8531293e+05   1.0232858e+05   2.0000000e+01   4.0000000e+01   6.0000000e+01   8.0000000e+01   0.0000000e+00   2.0000000e+01
   1.8532604e+05   1.0329432e+05   0.0000000e+00   2.0000000e+01   6.0000000e+01   8.0000000e+01   0.0000000e+00   2.0000000e+01
   1.8532293e+05   1.0427108e+05   2.0000000e+01   4.0000000e+01   6.0000000e+01   8.0000000e+01   0.0000000e+00   2.0000000e+01
   1.8531569e+05   1.0527912e+05   0.0000000e+00   2.0000000e+01   8.0000000e+01   1.0000000e+02   0.0000000e+00   2.0000000e+01
   1.8527843e+05   1.0633954e+05   0.0000000e+00   2.0000000e+01   8.0000000e+01   1.0000000e+02   0.0000000e+00   2.0000000e+01
   1.8526356e+05   1.0728606e+05   0.0000000e+00   2.0000000e+01   8.0000000e+01   1.0000000e+02   0.0000000e+00   2.0000000e+01
   1.8629175e+05   8.9269772e+04   0.0000000e+00   2.0000000e+01   6.0000000e+01   8.0000000e+01   0.0000000e+00   2.0000000e+01
   1.8630362e+05   9.0295963e+04   2.0000000e+01   4.0000000e+01   2.0000000e+01   4.0000000e+01   2.0000000e+01   4.0000000e+01
   1.8627659e+05   9.1301039e+04   2.0000000e+01   4.0000000e+01   6.0000000e+01   8.0000000e+01   2.0000000e+01   4.0000000e+01
   1.8629124e+05   9.2298320e+04   0.0000000e+00   2.0000000e+01   6.0000000e+01   8.0000000e+01   0.0000000e+00   2.0000000e+01
   1.8629071e+05   9.3253146e+04   2.0000000e+01   4.0000000e+01   6.0000000e+01   8.0000000e+01   2.0000000e+01   4.0000000e+01
   1.8634160e+05   9.4278854e+04   2.0000000e+01   4.0000000e+01   6.0000000e+01   8.0000000e+01   0.0000000e+00   2.0000000e+01
   1.8628016e+05   9.5296531e+04   0.0000000e+00   2.0000000e+01   6.0000000e+01   8.0000000e+01   0.0000000e+00   2.0000000e+01
   1.8627887e+05   9.6258519e+04   0.0000000e+00   2.0000000e+01   6.0000000e+01   8.0000000e+01   0.0000000e+00   2.0000000e+01
   1.8633686e+05   9.7331041e+04   0.0000000e+00   2.0000000e+01   4.0000000e+01   6.0000000e+01   0.0000000e+00   2.0000000e+01
   1.8633912e+05   9.8272320e+04   4.0000000e+01   6.0000000e+01   6.0000000e+01   8.0000000e+01   0.0000000e+00   2.0000000e+01
   1.8631576e+05   9.9287239e+04   0.0000000e+00   2.0000000e+01   6.0000000e+01   8.0000000e+01   0.0000000e+00   2.0000000e+01
   1.8627660e+05   1.0028576e+05   0.0000000e+00   2.0000000e+01   6.0000000e+01   8.0000000e+01   0.0000000e+00   2.0000000e+01
   1.8629203e+05   1.0131964e+05   2.0000000e+01   4.0000000e+01   6.0000000e+01   8.0000000e+01   0.0000000e+00   2.0000000e+01
   1.8626403e+05   1.0231117e+05   0.0000000e+00   2.0000000e+01   8.0000000e+01   1.0000000e+02   0.0000000e+00   2.0000000e+01
   1.8627970e+05   1.0329788e+05   2.0000000e+01   4.0000000e+01   6.0000000e+01   8.0000000e+01   0.0000000e+00   2.0000000e+01
   1.8628108e+05   1.0429057e+05   0.0000000e+00   2.0000000e+01   6.0000000e+01   8.0000000e+01   0.0000000e+00   2.0000000e+01
   1.8632191e+05   1.0530132e+05   0.0000000e+00   2.0000000e+01   6.0000000e+01   8.0000000e+01   0.0000000e+00   2.0000000e+01
   1.8628426e+05   1.0632652e+05   0.0000000e+00   2.0000000e+01   6.0000000e+01   8.0000000e+01   0.0000000e+00   2.0000000e+01
   1.8630619e+05   1.0730714e+05   0.0000000e+00   2.0000000e+01   6.0000000e+01   8.0000000e+01   0.0000000e+00   2.0000000e+01
   1.8733100e+05   8.9289223e+04   2.0000000e+01   4.0000000e+01   4.0000000e+01   6.0000000e+01   2.0000000e+01   4.0000000e+01
   1.8730874e+05   9.0322620e+04   0.0000000e+00   2.0000000e+01   2.0000000e+01   4.0000000e+01   0.0000000e+00   2.0000000e+01
   1.8728932e+05   9.1291452e+04   0.0000000e+00   2.0000000e+01   4.0000000e+01   6.0000000e+01   0.0000000e+00   2.0000000e+01
   1.8728955e+05   9.2290134e+04   0.0000000e+00   2.0000000e+01   6.0000000e+01   8.0000000e+01   0.0000000e+00   2.0000000e+01
   1.8728524e+05   9.3300012e+04   0.0000000e+00   2.0000000e+01   4.0000000e+01   6.0000000e+01   2.0000000e+01   4.0000000e+01
   1.8728788e+05   9.4352592e+04   0.0000000e+00   2.0000000e+01   4.0000000e+01   6.0000000e+01   0.0000000e+00   2.0000000e+01
   1.8730783e+05   9.5352619e+04   0.0000000e+00   2.0000000e+01   6.0000000e+01   8.0000000e+01   0.0000000e+00   2.0000000e+01
   1.8730145e+05   9.6302454e+04   0.0000000e+00   2.0000000e+01   8.0000000e+01   1.0000000e+02   2.0000000e+01   4.0000000e+01
   1.8727691e+05   9.7318771e+04   2.0000000e+01   4.0000000e+01   4.0000000e+01   6.0000000e+01   0.0000000e+00   2.0000000e+01
   1.8732885e+05   9.8300549e+04   0.0000000e+00   2.0000000e+01   6.0000000e+01   8.0000000e+01   2.0000000e+01   4.0000000e+01
   1.8729581e+05   9.9300363e+04   0.0000000e+00   2.0000000e+01   4.0000000e+01   6.0000000e+01   0.0000000e+00   2.0000000e+01
   1.8730694e+05   1.0029408e+05   0.0000000e+00   2.0000000e+01   6.0000000e+01   8.0000000e+01   0.0000000e+00   2.0000000e+01
   1.8733992e+05   1.0127213e+05   2.0000000e+01   4.0000000e+01   8.0000000e+01   1.0000000e+02   2.0000000e+01   4.0000000e+01
   1.8732066e+05   1.0226516e+05   2.0000000e+01   4.0000000e+01   8.0000000e+01   1.0000000e+02   0.0000000e+00   2.0000000e+01
   1.8733197e+05   1.0327767e+05   2.0000000e+01   4.0000000e+01   4.0000000e+01   6.0000000e+01   2.0000000e+01   4.0000000e+01
   1.8727452e+05   1.0431196e+05   0.0000000e+00   2.0000000e+01   6.0000000e+01   8.0000000e+01   0.0000000e+00   2.0000000e+01
   1.8725733e+05   1.0533192e+05   0.0000000e+00   2.0000000e+01   8.0000000e+01   1.0000000e+02   0.0000000e+00   2.0000000e+01
   1.8730793e+05   1.0631139e+05   0.0000000e+00   2.0000000e+01   6.0000000e+01   8.0000000e+01   2.0000000e+01   4.0000000e+01
   1.8728548e+05   1.0726508e+05   0.0000000e+00   2.0000000e+01   6.0000000e+01   8.0000000e+01   0.0000000e+00   2.0000000e+01
   1.8830077e+05   8.9293992e+04   2.0000000e+01   4.0000000e+01   4.0000000e+01   6.0000000e+01   2.0000000e+01   4.0000000e+01
   1.8830224e+05   9.0268160e+04   0.0000000e+00   2.0000000e+01   6.0000000e+01   8.0000000e+01   2.0000000e+01   4.0000000e+01
   1.8830728e+05   9.1328311e+04   2.0000000e+01   4.0000000e+01   6.0000000e+01   8.0000000e+01   2.0000000e+01   4.0000000e+01
   1.8827720e+05   9.2294062e+04   0.0000000e+00   2.0000000e+01   6.0000000e+01   8.0000000e+01   2.0000000e+01   4.0000000e+01
   1.8831829e+05   9.3276759e+04   2.0000000e+01   4.0000000e+01   6.0000000e+01   8.0000000e+01   2.0000000e+01   4.0000000e+01
   1.8830489e+05   9.4314786e+04   0.0000000e+00   2.0000000e+01   6.0000000e+01   8.0000000e+01   0.0000000e+00   2.0000000e+01
   1.8830246e+05   9.5302072e+04   2.0000000e+01   4.0000000e+01   4.0000000e+01   6.0000000e+01   0.0000000e+00   2.0000000e+01
   1.8828340e+05   9.6322200e+04   2.0000000e+01   4.0000000e+01   6.0000000e+01   8.0000000e+01   2.0000000e+01   4.0000000e+01
   1.8832201e+05   9.7312723e+04   0.0000000e+00   2.0000000e+01   6.0000000e+01   8.0000000e+01   2.0000000e+01   4.0000000e+01
   1.8829974e+05   9.8285361e+04   0.0000000e+00   2.0000000e+01   6.0000000e+01   8.0000000e+01   0.0000000e+00   2.0000000e+01
   1.8829876e+05   9.9289016e+04   0.0000000e+00   2.0000000e+01   4.0000000e+01   6.0000000e+01   2.0000000e+01   4.0000000e+01
   1.8830498e+05   1.0027789e+05   2.0000000e+01   4.0000000e+01   6.0000000e+01   8.0000000e+01   0.0000000e+00   2.0000000e+01
   1.8829625e+05   1.0131906e+05   2.0000000e+01   4.0000000e+01   4.0000000e+01   6.0000000e+01   2.0000000e+01   4.0000000e+01
   1.8830192e+05   1.0232795e+05   2.0000000e+01   4.0000000e+01   4.0000000e+01   6.0000000e+01   2.0000000e+01   4.0000000e+01
   1.8829862e+05   1.0327947e+05   2.0000000e+01   4.0000000e+01   6.0000000e+01   8.0000000e+01   0.0000000e+00   2.0000000e+01
   1.8829923e+05   1.0429867e+05   0.0000000e+00   2.0000000e+01   8.0000000e+01   1.0000000e+02   0.0000000e+00   2.0000000e+01
   1.8832440e+05   1.0528245e+05   0.0000000e+00   2.0000000e+01   6.0000000e+01   8.0000000e+01   0.0000000e+00   2.0000000e+01
   1.8830616e+05   1.0627397e+05   0.0000000e+00   2.0000000e+01   6.0000000e+01   8.0000000e+01   2.0000000e+01   4.0000000e+01
   1.8826605e+05   1.0728972e+05   0.0000000e+00   2.0000000e+01   6.0000000e+01   8.0000000e+01   0.0000000e+00   2.0000000e+01
   1.8932824e+05   8.9324875e+04   0.0000000e+00   2.0000000e+01   4.0000000e+01   6.0000000e+01   2.0000000e+01   4.0000000e+01
   1.8929875e+05   9.0343701e+04   0.0000000e+00   2.0000000e+01   4.0000000e+01   6.0000000e+01   2.0000000e+01   4.0000000e+01
   1.8932788e+05   9.1321120e+04   0.0000000e+00   2.0000000e+01   4.0000000e+01   6.0000000e+01   2.0000000e+01   4.0000000e+01
   1.8928712e+05   9.2292170e+04   0.0000000e+00   2.0000000e+01   4.0000000e+01   6.0000000e+01   2.0000000e+01   4.0000000e+01
   1.8925044e+05   9.3289017e+04   2.0000000e+01   4.0000000e+01   4.0000000e+01   6.0000000e+01   2.0000000e+01   4.0000000e+01
   1.8930801e+05   9.4300862e+04   0.0000000e+00   2.0000000e+01   6.0000000e+01   8.0000000e+01   2.0000000e+01   4.0000000e+01
   1.8929102e+05   9.5291117e+04   2.0000000e+01   4.0000000e+01   6.0000000e+01   8.0000000e+01   0.0000000e+00   2.0000000e+01
   1.8928493e+05   9.6323491e+04   2.0000000e+01   4.0000000e+01   6.0000000e+01   8.0000000e+01   0.0000000e+00   2.0000000e+01
   1.8928525e+05   9.7282450e+04   2.0000000e+01   4.0000000e+01   6.0000000e+01   8.0000000e+01   0.0000000e+00   2.0000000e+01
   1.8927903e+05   9.8312654e+04   0.0000000e+00   2.0000000e+01   6.0000000e+01   8.0000000e+01   0.0000000e+00   2.0000000e+01
   1.8931286e+05   9.9260090e+04   0.0000000e+00   2.0000000e+01   4.0000000e+01   6.0000000e+01   2.0000000e+01   4.0000000e+01
   1.8931551e+05   1.0029392e+05   4.0000000e+01   6.0000000e+01   6.0000000e+01   8.0000000e+01   2.0000000e+01   4.0000000e+01
   1.8927761e+05   1.0133233e+05   2.0000000e+01   4.0000000e+01   6.0000000e+01   8.0000000e+01   2.0000000e+01   4.0000000e+01
   1.8928094e+05   1.0229065e+05   0.0000000e+00   2.0000000e+01   6.0000000e+01   8.0000000e+01   2.0000000e+01   4.0000000e+01
   1.8929539e+05   1.0329583e+05   2.0000000e+01   4.0000000e+01   4.0000000e+01   6.0000000e+01   0.0000000e+00   2.0000000e+01
   1.8928327e+05   1.0429196e+05   2.0000000e+01   4.0000000e+01   8.0000000e+01   1.0000000e+02   0.0000000e+00   2.0000000e+01
   1.8926646e+05   1.0527225e+05   2.0000000e+01   4.0000000e+01   6.0000000e+01   8.0000000e+01   0.0000000e+00   2.0000000e+01
   1.8931443e+05   1.0631438e+05   2.0000000e+01   4.0000000e+01   6.0000000e+01   8.0000000e+01   0.0000000e+00   2.0000000e+01
   1.8931343e+05   1.0729689e+05   0.0000000e+00   2.0000000e+01   6.0000000e+01   8.0000000e+01   2.0000000e+01   4.0000000e+01
   1.9030064e+05   8.9291231e+04   0.0000000e+00   2.0000000e+01   4.0000000e+01   6.0000000e+01   2.0000000e+01   4.0000000e+01
   1.9031727e+05   9.0335573e+04   0.0000000e+00   2.0000000e+01   4.0000000e+01   6.0000000e+01   4.0000000e+01   6.0000000e+01
   1.9029062e+05   9.1264729e+04   0.0000000e+00   2.0000000e+01   4.0000000e+01   6.0000000e+01   2.0000000e+01   4.0000000e+01
   1.9030385e+05   9.2320150e+04   0.0000000e+00   2.0000000e+01   2.0000000e+01   4.0000000e+01   4.0000000e+01   6.0000000e+01
   1.9030982e+05   9.3333517e+04   0.0000000e+00   2.0000000e+01   4.0000000e+01   6.0000000e+01   2.0000000e+01   4.0000000e+01
   1.9030534e+05   9.4296810e+04   2.0000000e+01   4.0000000e+01   4.0000000e+01   6.0000000e+01   4.0000000e+01   6.0000000e+01
   1.9028241e+05   9.5282476e+04   0.0000000e+00   2.0000000e+01   6.0000000e+01   8.0000000e+01   2.0000000e+01   4.0000000e+01
   1.9028529e+05   9.6334020e+04   0.0000000e+00   2.0000000e+01   6.0000000e+01   8.0000000e+01   2.0000000e+01   4.0000000e+01
   1.9029224e+05   9.7280917e+04   0.0000000e+00   2.0000000e+01   6.0000000e+01   8.0000000e+01   0.0000000e+00   2.0000000e+01
   1.9028601e+05   9.8304948e+04   2.0000000e+01   4.0000000e+01   4.0000000e+01   6.0000000e+01   0.0000000e+00   2.0000000e+01
   1.9026859e+05   9.9280465e+04   0.0000000e+00   2.0000000e+01   4.0000000e+01   6.0000000e+01   2.0000000e+01   4.0000000e+01
   1.9031511e+05   1.0033667e+05   2.0000000e+01   4.0000000e+01   4.0000000e+01   6.0000000e+01   0.0000000e+00   2.0000000e+01
   1.9031058e+05   1.0130372e+05   2.0000000e+01   4.0000000e+01   6.0000000e+01   8.0000000e+01   2.0000000e+01   4.0000000e+01
   1.9028804e+05   1.0231176e+05   0.0000000e+00   2.0000000e+01   4.0000000e+01   6.0000000e+01   2.0000000e+01   4.0000000e+01
   1.9032964e+05   1.0329409e+05   0.0000000e+00   2.0000000e+01   4.0000000e+01   6.0000000e+01   0.0000000e+00   2.0000000e+01
   1.9029885e+05   1.0433414e+05   0.0000000e+00   2.0000000e+01   8.0000000e+01   1.0000000e+02   0.0000000e+00   2.0000000e+01
   1.9032592e+05   1.0530883e+05   2.0000000e+01   4.0000000e+01   6.0000000e+01   8.0000000e+01   0.0000000e+00   2.0000000e+01
   1.9032138e+05   1.0630089e+05   2.0000000e+01   4.0000000e+01   4.0000000e+01   6.0000000e+01   0.0000000e+00   2.0000000e+01
   1.9029321e+05   1.0730242e+05   0.0000000e+00   2.0000000e+01   4.0000000e+01   6.0000000e+01   2.0000000e+01   4.0000000e+01
   1.9128946e+05   8.9289466e+04   0.0000000e+00   2.0000000e+01   4.0000000e+01   6.0000000e+01   2.0000000e+01   4.0000000e+01
   1.9132115e+05   9.0305359e+04   0.0000000e+00   2.0000000e+01   4.0000000e+01   6.0000000e+01   2.0000000e+01   4.0000000e+01
   1.9131165e+05   9.1293455e+04   0.0000000e+00   2.0000000e+01   8.0000000e+01   1.0000000e+02   2.0000000e+01   4.0000000e+01
   1.9128535e+05   9.2302958e+04   2.0000000e+01   4.0000000e+01   6.0000000e+01   8.0000000e+01   2.0000000e+01   4.0000000e+01
   1.9128431e+05   9.3366687e+04   0.0000000e+00   2.0000000e+01   4.0000000e+01   6.0000000e+01   2.0000000e+01   4.0000000e+01
   1.9132188e+05   9.4289502e+04   0.0000000e+00   2.0000000e+01   4.0000000e+01   6.0000000e+01   0.0000000e+00   2.0000000e+01
   1.9129004e+05   9.5285120e+04   0.0000000e+00   2.0000000e+01   4.0000000e+01   6.0000000e+01   2.0000000e+01   4.0000000e+01
   1.9128685e+05   9.6318157e+04   0.0000000e+00   2.0000000e+01   2.0000000e+01   4.0000000e+01   0.0000000e+00   2.0000000e+01
   1.9129930e+05   9.7289875e+04   0.0000000e+00   2.0000000e+01   6.0000000e+01   8.0000000e+01   0.0000000e+00   2.0000000e+01
   1.9131526e+05   9.8292808e+04   2.0000000e+01   4.0000000e+01   4.0000000e+01   6.0000000e+01   0.0000000e+00   2.0000000e+01
   1.9129480e+05   9.9249701e+04   2.0000000e+01   4.0000000e+01   2.0000000e+01   4.0000000e+01   0.0000000e+00   2.0000000e+01
   1.9131751e+05   1.0031286e+05   0.0000000e+00   2.0000000e+01   4.0000000e+01   6.0000000e+01   0.0000000e+00   2.0000000e+01
   1.9129386e+05   1.0127360e+05   0.0000000e+00   2.0000000e+01   4.0000000e+01   6.0000000e+01   2.0000000e+01   4.0000000e+01
   1.9129072e+05   1.0230868e+05   0.0000000e+00   2.0000000e+01   4.0000000e+01   6.0000000e+01   2.0000000e+01   4.0000000e+01
   1.9129117e+05   1.0331192e+05   0.0000000e+00   2.0000000e+01   6.0000000e+01   8.0000000e+01   2.0000000e+01   4.0000000e+01
   1.9126037e+05   1.0431509e+05   0.0000000e+00   2.0000000e+01   8.0000000e+01   1.0000000e+02   0.0000000e+00   2.0000000e+01
   1.9131991e+05   1.0529528e+05   0.0000000e+00   2.0000000e+01   4.0000000e+01   6.0000000e+01   0.0000000e+00   2.0000000e+01
   1.9129807e+05   1.0628128e+05   0.0000000e+00   2.0000000e+01   6.0000000e+01   8.0000000e+01   0.0000000e+00   2.0000000e+01
   1.9129761e+05   1.0730943e+05   0.0000000e+00   2.0000000e+01   6.0000000e+01   8.0000000e+01   0.0000000e+00   2.0000000e+01
   1.9228175e+05   8.9322725e+04   2.0000000e+01   4.0000000e+01   4.0000000e+01   6.0000000e+01   0.0000000e+00   2.0000000e+01
   1.9229944e+05   9.0275433e+04   0.0000000e+00   2.0000000e+01   6.0000000e+01   8.0000000e+01   2.0000000e+01   4.0000000e+01
   1.9230706e+05   9.1264049e+04   0.0000000e+00   2.0000000e+01   4.0000000e+01   6.0000000e+01   2.0000000e+01   4.0000000e+01
   1.9235628e+05   9.2277858e+04   0.0000000e+00   2.0000000e+01   4.0000000e+01   6.0000000e+01   2.0000000e+01   4.0000000e+01
   1.9232600e+05   9.3285186e+04   0.0000000e+00   2.0000000e+01   4.0000000e+01   6.0000000e+01   2.0000000e+01   4.0000000e+01
   1.9231021e+05   9.4332507e+04   0.0000000e+00   2.0000000e+01   4.0000000e+01   6.0000000e+01   2.0000000e+01   4.0000000e+01
   1.9229332e+05   9.5242707e+04   0.0000000e+00   2.0000000e+01   6.0000000e+01   8.0000000e+01   2.0000000e+01   4.0000000e+01
   1.9225664e+05   9.6295444e+04   2.0000000e+01   4.0000000e+01   6.0000000e+01   8.0000000e+01   0.0000000e+00   2.0000000e+01
   1.9233689e+05   9.7293559e+04   2.0000000e+01   4.0000000e+01   4.0000000e+01   6.0000000e+01   0.0000000e+00   2.0000000e+01
   1.9227693e+05   9.8288496e+04   0.0000000e+00   2.0000000e+01   4.0000000e+01   6.0000000e+01   0.0000000e+00   2.0000000e+01
   1.9230982e+05   9.9284971e+04   2.0000000e+01   4.0000000e+01   6.0000000e+01   8.0000000e+01   2.0000000e+01   4.0000000e+01
   1.9231531e+05   1.0027991e+05   0.0000000e+00   2.0000000e+01   4.0000000e+01   6.0000000e+01   2.0000000e+01   4.0000000e+01
   1.9227465e+05   1.0132562e+05   2.0000000e+01   4.0000000e+01   6.0000000e+01   8.0000000e+01   2.0000000e+01   4.0000000e+01
   1.9225982e+05   1.0230888e+05   0.0000000e+00   2.0000000e+01   6.0000000e+01   8.0000000e+01   0.0000000e+00   2.0000000e+01
   1.9232081e+05   1.0328363e+05   0.0000000e+00   2.0000000e+01   6.0000000e+01   8.0000000e+01   0.0000000e+00   2.0000000e+01
   1.9229714e+05   1.0428631e+05   0.0000000e+00   2.0000000e+01   6.0000000e+01   8.0000000e+01   2.0000000e+01   4.0000000e+01
   1.9232038e+05   1.0528624e+05   0.0000000e+00   2.0000000e+01   4.0000000e+01   6.0000000e+01   2.0000000e+01   4.0000000e+01
   1.9228328e+05   1.0631448e+05   2.0000000e+01   4.0000000e+01   6.0000000e+01   8.0000000e+01   2.0000000e+01   4.0000000e+01
   1.9230687e+05   1.0729857e+05   0.0000000e+00   2.0000000e+01   6.0000000e+01   8.0000000e+01   2.0000000e+01   4.0000000e+01
   1.9329450e+05   8.9304721e+04   0.0000000e+00   2.0000000e+01   4.0000000e+01   6.0000000e+01   2.0000000e+01   4.0000000e+01
   1.9330123e+05   9.0287253e+04   0.0000000e+00   2.0000000e+01   4.0000000e+01   6.0000000e+01   2.0000000e+01   4.0000000e+01
   1.9331571e+05   9.1280939e+04   0.0000000e+00   2.0000000e+01   4.0000000e+01   6.0000000e+01   2.0000000e+01   4.0000000e+01
   1.9330243e+05   9.2323140e+04   0.0000000e+00   2.0000000e+01   4.0000000e+01   6.0000000e+01   2.0000000e+01   4.0000000e+01
   1.9327209e+05   9.3295697e+04   2.0000000e+01   4.0000000e+01   4.0000000e+01   6.0000000e+01   2.0000000e+01   4.0000000e+01
   1.9328731e+05   9.4320454e+04   0.0000000e+00   2.0000000e+01   4.0000000e+01   6.0000000e+01   2.0000000e+01   4.0000000e+01
   1.9333688e+05   9.5308864e+04   2.0000000e+01   4.0000000e+01   4.0000000e+01   6.0000000e+01   2.0000000e+01   4.0000000e+01
   1.9329703e+05   9.6284229e+04   0.0000000e+00   2.0000000e+01   4.0000000e+01   6.0000000e+01   2.0000000e+01   4.0000000e+01
   1.9329626e+05   9.7326199e+04   2.0000000e+01   4.0000000e+01   4.0000000e+01   6.0000000e+01   0.0000000e+00   2.0000000e+01
   1.9330311e+05   9.8303347e+04   0.0000000e+00   2.0000000e+01   6.0000000e+01   8.0000000e+01   2.0000000e+01   4.0000000e+01
   1.9333708e+05   9.9314929e+04   2.0000000e+01   4.0000000e+01   6.0000000e+01   8.0000000e+01   2.0000000e+01   4.0000000e+01
   1.9325442e+05   1.0028243e+05   2.0000000e+01   4.0000000e+01   6.0000000e+01   8.0000000e+01   2.0000000e+01   4.0000000e+01
   1.9328668e+05   1.0129720e+05   2.0000000e+01   4.0000000e+01   6.0000000e+01   8.0000000e+01   2.0000000e+01   4.0000000e+01
   1.9326452e+05   1.0230651e+05   0.0000000e+00   2.0000000e+01   6.0000000e+01   8.0000000e+01   0.0000000e+00   2.0000000e+01
   1.9330115e+05   1.0330376e+05   2.0000000e+01   4.0000000e+01   8.0000000e+01   1.0000000e+02   0.0000000e+00   2.0000000e+01
   1.9329063e+05   1.0429825e+05   0.0000000e+00   2.0000000e+01   6.0000000e+01   8.0000000e+01   2.0000000e+01   4.0000000e+01
   1.9331821e+05   1.0528127e+05   2.0000000e+01   4.0000000e+01   6.0000000e+01   8.0000000e+01   0.0000000e+00   2.0000000e+01
   1.9329038e+05   1.0631613e+05   0.0000000e+00   2.0000000e+01   6.0000000e+01   8.0000000e+01   0.0000000e+00   2.0000000e+01
   1.9330577e+05   1.0728673e+05   2.0000000e+01   4.0000000e+01   6.0000000e+01   8.0000000e+01   0.0000000e+00   2.0000000e+01
