spatial component ms of the s/t mean trend of annual log(PM10) in CA
1
ms
     3.13582 
     2.87752 
      3.7617 
     3.81668 
     2.59601 
     2.79412 
     3.87479 
     3.64942 
     3.40807 
      2.9373 
     3.61466 
     3.67032 
     3.14584 
     3.49897 
     2.78375 
     3.07247 
     3.31737 
     2.88439 
     3.10985 
     3.13966 
       3.859 
     3.28663 
     3.82068 
     2.64631 
     3.69208 
     3.30857 
      3.4948 
     3.34546 
     2.20705 
     2.78493 
     3.75414 
     2.38893 
     3.05568 
     3.44949 
     2.71526 
     2.74084 
     3.36305 
     3.86284 
     2.87575 
     3.60906 
      3.3575 
     3.13481 
     2.94964 
     3.52437 
     3.23956 
     3.06732 
     3.00958 
     3.12315 
     2.97981 
      3.8811 
     3.22915 
     2.96268 
     2.63932 
     3.82109 
     3.16427 
     3.13738 
     3.12794 
     2.95664 
     3.08101 
     3.17374 
     3.33909 
     2.92671 
     3.07597 
     3.17967 
     3.80676 
     3.69424 
     3.67438 
     3.58304 
     3.09263 
     3.78657 
     3.24533 
     3.71013 
     3.49514 
     3.18764 
     3.45776 
     3.71312 
     2.97432 
     3.02359 
     3.80337 
      3.8578 
      3.7329 
     3.57658 
     3.88195 
       3.341 
     3.58083 
     3.70363 
     3.08157 
     3.67201 
     2.89767 
     3.77873 
     3.39985 
     3.04812 
     3.07843 
     2.81919 
     3.27938 
     3.31339 
     3.09032 
     2.98517 
     3.10267 
     3.26076 
     2.94732 
     3.83627 
     2.89077 
     2.85479 
     3.14052 
     3.21929 
     3.31395 
     3.02284 
     3.04626 
     3.45813 
     3.59291 
     3.17986 
     3.77379 
      3.3678 
     3.42883 
     3.16908 
      2.9056 
     2.80542 
     3.36664 
     3.72767 
     2.81674 
     2.52207 
     3.11841 
     3.66157 
     3.29781 
      3.7198 
     3.17068 
      2.5525 
     2.88124 
     3.17111 
     3.02776 
     2.98218 
     3.10239 
     3.35739 
     3.06187 
     2.98013 
     2.88227 
     3.38429 
     3.49505 
     3.00323 
     3.13944 
     2.88974 
     3.06147 
     2.88091 
     3.07985 
     3.27047 
     2.95113 
     3.95801 
     3.24529 
     3.28673 
     3.30708 
     3.54181 
     3.18237 
      2.8383 
     3.32386 
      3.0781 
     3.77368 
     3.13882 
      2.9277 
     3.01262 
     2.86757 
      3.1443 
      3.2481 
     3.35672 
     2.94702 
      3.6869 
     3.75004 
     3.01721 
      3.0478 
     2.85442 
      2.8609 
     3.07048 
      2.9125 
     3.00816 
     3.79293 
     2.87187 
     2.87693 
     4.01272 
     3.16191 
     3.77701 
      3.7521 
     3.79742 
     4.00964 
     3.72885 
     2.88213 
     3.84877 
      3.8431 
     2.43814 
     1.59932 
     2.88545 
     3.70595 
