   5.1290894e+01   5.3121612e+00   4.0000000e+00
   4.6048375e+01   8.1493232e+01   2.0000000e+00
   3.5039537e+01   5.6747397e+01   2.0000000e+00
   9.5045735e+00   5.3506331e+01   2.0000000e+00
   4.3367104e+01   8.0898594e+01   1.0000000e+00
   7.0923520e+01   6.2668730e+01   1.0000000e+00
   1.1596823e+01   7.3338432e+01   4.0000000e+00
   7.8084682e+00   9.9028059e+01   1.0000000e+00
   3.6925291e+01   6.4590770e+01   3.0000000e+00
   3.3628378e+00   7.7067304e+01   2.0000000e+00
   1.9215038e+01   7.0170827e+01   3.0000000e+00
   4.7135985e+01   6.1095815e+01   4.0000000e+00
   1.4492282e+01   3.7357910e+01   1.0000000e+00
   7.1783553e+01   7.4397979e+01   2.0000000e+00
   6.6171428e+01   6.8324868e+00   3.0000000e+00
   4.3187041e+01   3.3605089e+01   3.0000000e+00
   4.4603489e+01   7.3486548e-01   4.0000000e+00
   5.0833153e+01   5.0884114e+01   3.0000000e+00
   5.2808787e+01   9.3070731e+00   4.0000000e+00
   5.7287802e+01   2.3977719e+01   4.0000000e+00
   3.6082207e+01   9.3529926e+01   1.0000000e+00
   3.3647726e+01   5.7460098e+01   2.0000000e+00
   1.7326627e+01   3.1870921e+01   2.0000000e+00
   8.6118483e+00   5.4565629e+01   2.0000000e+00
   3.9333637e+01   8.4520610e+01   1.0000000e+00
   8.0436789e+01   3.7889065e+01   3.0000000e+00
   1.1080687e+00   1.5218130e+00   3.0000000e+00
   2.3311322e+01   7.7110846e+01   3.0000000e+00
   9.3385059e+01   1.9903551e+00   2.0000000e+00
   2.2679752e+01   5.1897939e+01   2.0000000e+00
   7.8594697e+01   4.8659869e+01   2.0000000e+00
   4.1072883e+01   2.6418732e+01   4.0000000e+00
   1.1939278e+01   1.9624463e+01   4.0000000e+00
   6.3437034e+01   2.8345151e+01   3.0000000e+00
   8.6238819e+01   9.6958772e+01   1.0000000e+00
   1.5824366e+01   8.6077848e+01   1.0000000e+00
   6.0118508e+01   1.0397997e+01   4.0000000e+00
   1.1760731e+01   5.9129169e+01   2.0000000e+00
   6.2609836e+01   8.3939562e+01   1.0000000e+00
   8.3512467e+01   7.2221419e+01   4.0000000e+00
   9.4040671e+01   2.5393315e+01   3.0000000e+00
   4.1555733e+01   8.5447509e+01   1.0000000e+00
   2.7202523e+01   1.6282555e+01   4.0000000e+00
   9.2800151e+01   6.0897237e+01   3.0000000e+00
   9.2131505e+01   9.9863785e+01   1.0000000e+00
   5.4202492e+01   1.0639073e+01   4.0000000e+00
   8.1288549e+01   1.0903928e+01   1.0000000e+00
   1.6637832e+01   6.2317363e+01   2.0000000e+00
   3.2038186e+01   6.7924898e+01   3.0000000e+00
   6.5788075e+01   1.3756153e+01   3.0000000e+00
   1.7628935e-01   9.9670412e+01   1.0000000e+00
   6.2895135e+01   6.0614016e+01   3.0000000e+00
   7.8528558e+01   3.9772868e+01   2.0000000e+00
   2.9468612e+01   6.2590721e+01   3.0000000e+00
   7.8968382e+01   6.2241575e+01   1.0000000e+00
   2.1588643e+01   9.4144952e+01   1.0000000e+00
   4.0321309e+01   9.4200691e+01   1.0000000e+00
   8.0239556e+01   3.1017092e+01   2.0000000e+00
   8.6214933e+01   4.2578286e+00   3.0000000e+00
   1.4377016e+01   6.1324574e+01   2.0000000e+00
   3.4505935e+01   8.2115811e+01   1.0000000e+00
   4.1242995e+01   2.0434048e+01   3.0000000e+00
   7.1012928e+01   3.5037520e+01   2.0000000e+00
   1.4283200e+01   7.5598394e+01   4.0000000e+00
   5.7745321e+01   8.2207532e+01   2.0000000e+00
   2.5602704e+01   6.1986174e+01   3.0000000e+00
   4.6425358e+00   1.6302913e+00   4.0000000e+00
   2.7099886e+01   3.0582747e-01   4.0000000e+00
   6.7788537e+01   4.0042362e+01   3.0000000e+00
   2.1939312e+01   9.1972012e+01   1.0000000e+00
   3.4016421e+01   7.3602149e+01   2.0000000e+00
   1.3981275e+01   3.1316979e+01   1.0000000e+00
   8.3286368e+01   4.4459198e+01   2.0000000e+00
   9.3987774e+01   2.5733243e+01   3.0000000e+00
   5.2519317e+01   9.8622718e+01   1.0000000e+00
   9.2158400e+01   5.2018079e+01   1.0000000e+00
   6.2254058e+00   6.7849050e+01   4.0000000e+00
   3.0395661e+01   3.8991650e+01   2.0000000e+00
   5.9868657e+01   3.2661201e+01   3.0000000e+00
   1.2517609e+01   3.6811164e+01   1.0000000e+00
   8.3458947e+01   8.5230084e+01   2.0000000e+00
   9.4525529e+01   6.2023960e+01   4.0000000e+00
   9.0567065e+01   3.6701025e+01   4.0000000e+00
   6.0661891e+01   3.4124705e+01   3.0000000e+00
   4.4402674e+01   3.3911878e+01   4.0000000e+00
   7.5743498e+01   5.6926940e+01   1.0000000e+00
   2.0976978e+01   7.1081959e+01   3.0000000e+00
   6.0073015e+01   7.4491571e+01   2.0000000e+00
   4.7155760e+01   7.9841922e+01   2.0000000e+00
   4.6859401e+01   3.1835232e+00   4.0000000e+00
   6.5955301e+01   5.4743297e+00   2.0000000e+00
   1.0752278e+01   7.0591972e+00   4.0000000e+00
   1.3529514e+01   4.3926965e+01   1.0000000e+00
   9.0535014e+01   8.0503104e+01   3.0000000e+00
   2.1974460e+01   1.5671489e+01   4.0000000e+00
   2.4752338e+01   9.0719915e+01   1.0000000e+00
   1.2537879e+01   2.9605772e+01   2.0000000e+00
   2.4126714e+01   8.4212142e+01   1.0000000e+00
   9.7675382e+01   5.3471973e+01   1.0000000e+00
   3.0152635e+01   3.4448083e+00   3.0000000e+00
   7.5334281e+01   9.6892384e+01   2.0000000e+00
   4.3266198e+01   7.0290384e+01   1.0000000e+00
   7.4997825e+01   7.0479338e+01   2.0000000e+00
   8.8440486e+01   4.6236064e+01   3.0000000e+00
   1.9241802e+01   8.9526539e+01   1.0000000e+00
   9.6968297e+01   7.2548212e+01   4.0000000e+00
   4.6172493e+01   1.7804648e+01   3.0000000e+00
   2.1084696e+01   4.2716427e+01   3.0000000e+00
   7.0478926e+01   3.4987487e+01   2.0000000e+00
   3.9308162e+01   3.4698845e+01   4.0000000e+00
   5.2276475e+01   8.3483162e+01   1.0000000e+00
   1.0717005e+01   1.5061222e+00   4.0000000e+00
   2.0707869e+01   1.3395855e+01   4.0000000e+00
   3.7157870e+01   4.4142419e+01   1.0000000e+00
   1.2315750e+01   1.6428518e+00   4.0000000e+00
   9.0804572e+01   1.1409616e+01   1.0000000e+00
   5.2435790e+01   6.1417063e+01   2.0000000e+00
   8.8327676e+01   3.6569707e+01   4.0000000e+00
   2.3244369e+01   2.7070573e+01   3.0000000e+00
   6.8103425e+01   7.5118592e+01   2.0000000e+00
   1.4270297e+01   1.8175700e+01   4.0000000e+00
   4.0885237e+01   7.8984243e+01   2.0000000e+00
   5.8184824e+01   8.8176694e+01   2.0000000e+00
   1.2330366e+01   8.5691272e+01   1.0000000e+00
   3.6459433e+01   1.3208421e+01   2.0000000e+00
   7.3683807e+01   9.3928615e+01   1.0000000e+00
   3.7412656e+00   5.8231539e+01   4.0000000e+00
   7.9450195e+01   9.7477991e+01   1.0000000e+00
   1.9428042e+01   1.2596186e+01   4.0000000e+00
   2.7106682e+01   4.0906703e+00   4.0000000e+00
   8.2003439e+01   5.1895932e+01   2.0000000e+00
   3.1804358e+01   1.4921174e+01   4.0000000e+00
   3.5846406e+01   8.0167825e+01   1.0000000e+00
   7.0546513e+01   8.0641012e+01   2.0000000e+00
   7.5242266e+01   3.3491443e+01   2.0000000e+00
   9.6769372e+01   9.0675012e+01   1.0000000e+00
   2.8305046e+00   7.4921507e+01   1.0000000e+00
   7.2290489e+01   5.7619576e+00   4.0000000e+00
   8.6253623e+01   4.1221221e+01   3.0000000e+00
   6.4641863e+01   5.0636411e+00   3.0000000e+00
   3.5786713e+01   4.6163079e+00   4.0000000e+00
   6.7285020e+01   8.6287464e+01   2.0000000e+00
   5.9333973e+01   3.3409161e+01   4.0000000e+00
   2.6077723e+01   7.7719989e+00   4.0000000e+00
   8.8284251e+01   2.3985964e+01   4.0000000e+00
   9.3403347e+01   3.2101272e+01   3.0000000e+00
   3.0054144e+01   2.6075625e+01   3.0000000e+00
   1.9993789e+01   5.3024109e+01   2.0000000e+00
   3.5617835e+01   7.6206426e+01   2.0000000e+00
   2.8950465e+01   1.3960585e+00   3.0000000e+00
   7.0472608e+01   6.3554435e+01   2.0000000e+00
   3.3114505e+01   5.9383122e+01   2.0000000e+00
   5.5490497e+01   5.2128301e+01   4.0000000e+00
   2.8781738e+01   2.0363176e+01   4.0000000e+00
   3.4662840e+01   4.3905598e+01   1.0000000e+00
   7.8343595e+01   2.1393281e+01   4.0000000e+00
   2.0804220e+01   5.6877655e+01   2.0000000e+00
   5.6520542e+01   4.2753124e+01   4.0000000e+00
   4.0752019e+01   5.1762517e+01   1.0000000e+00
   1.9185800e+01   7.2630380e+01   4.0000000e+00
   5.5747216e+01   9.8790983e+01   2.0000000e+00
   4.3464589e+01   8.0047653e+01   2.0000000e+00
   9.3426188e+00   6.0904767e+01   2.0000000e+00
   2.1393443e+01   2.6427133e+01   4.0000000e+00
   5.9588710e+01   6.0826252e+01   2.0000000e+00
   7.4429372e+00   6.8112727e+00   4.0000000e+00
   9.3446126e+01   7.7060750e+01   3.0000000e+00
   4.9036078e+01   6.0027985e+01   3.0000000e+00
   4.9362022e+01   9.0341939e+01   1.0000000e+00
   2.7509797e+01   7.6977063e+01   2.0000000e+00
   5.7159824e+01   5.3496381e+01   4.0000000e+00
   8.5165056e+01   1.3670214e+01   1.0000000e+00
   6.9101233e+01   5.5288138e+01   2.0000000e+00
   8.4430427e+01   2.7737494e+01   3.0000000e+00
   2.2180393e+01   8.4064211e+01   1.0000000e+00
   8.5859269e+01   6.7198813e+01   4.0000000e+00
   3.6737833e+01   1.0445275e+01   2.0000000e+00
   5.2756150e+01   5.3742788e+01   4.0000000e+00
   7.2606760e+01   5.5031074e+01   1.0000000e+00
   1.8171854e+00   7.2654776e+00   3.0000000e+00
   4.1434782e+01   1.0882543e+01   3.0000000e+00
   9.4389198e+01   2.8921377e+00   2.0000000e+00
   9.9245633e+01   8.1582016e+00   2.0000000e+00
   2.1349889e+01   1.4894879e+01   4.0000000e+00
   2.7586828e+01   3.8226841e+01   2.0000000e+00
   5.1810349e+01   7.8512586e+01   1.0000000e+00
   7.6540160e+01   6.1036669e+01   2.0000000e+00
   1.0467251e+01   4.3295532e+01   2.0000000e+00
   2.3093415e+01   6.8005869e+01   4.0000000e+00
   3.1020694e+01   7.4636546e+01   1.0000000e+00
   6.4796360e+01   1.6423898e+01   4.0000000e+00
   3.2423419e+01   3.6458578e+01   2.0000000e+00
   4.0404054e+01   5.9312245e+01   1.0000000e+00
   7.0934502e+01   6.0900898e+01   2.0000000e+00
   9.6172351e+01   6.1397048e+01   4.0000000e+00
   6.8696479e+01   1.9079125e-01   3.0000000e+00
   8.1722874e+01   6.6286220e+00   3.0000000e+00
   1.6344094e+01   7.2495850e+00   4.0000000e+00
   9.5188719e+01   4.3775603e+01   4.0000000e+00
   3.6794509e+01   3.6566821e+01   3.0000000e+00
